SHARC_version   4.0
 method           0
 integrator           2
 maxmult           3
 nstates_m    3    0    0
 natom           6
 dtstep   20.670686667591056     
 nsteps          20
 nsubsteps          25
 ezero   0.0000000000000000     
 write_overlap           0
 write_grad           0
 write_nacdr           0
 write_property1d           0
 write_property2d           0
 n_property1d           1
 n_property2d           1
 laser           0
 laser_e F
 laser_b F
 laser_egrad F
 laser_freq_path None
************************************* End of settings *************************************
! Atomic numbers
 0.6000000000000E+001
 0.6000000000000E+001
 0.1000000000000E+001
 0.1000000000000E+001
 0.1000000000000E+001
 0.1000000000000E+001
! Elements
 C 
 C 
 H 
 H 
 H 
 H 
! Atomic masses
 0.2189471361552E+005
 0.2189471361552E+005
 0.1837471594742E+004
 0.1837471594742E+004
 0.1837471594742E+004
 0.1837471594742E+004
********************************* End of header array data ********************************
! 0 Step
           0
! 1 Hamiltonian (MCH) in a.u.
-0.7798436737061E+002  0.0000000000000E+000     0.0000000000000E+000  0.0000000000000E+000     0.0000000000000E+000  0.0000000000000E+000
 0.0000000000000E+000  0.0000000000000E+000    -0.7765720367432E+002  0.0000000000000E+000     0.0000000000000E+000  0.0000000000000E+000
 0.0000000000000E+000  0.0000000000000E+000     0.0000000000000E+000  0.0000000000000E+000    -0.7754822540283E+002  0.0000000000000E+000
! 2 U matrix
 0.1000000000000E+001  0.0000000000000E+000     0.0000000000000E+000  0.0000000000000E+000     0.0000000000000E+000  0.0000000000000E+000
 0.0000000000000E+000  0.0000000000000E+000     0.1000000000000E+001  0.0000000000000E+000     0.0000000000000E+000  0.0000000000000E+000
 0.0000000000000E+000  0.0000000000000E+000     0.0000000000000E+000  0.0000000000000E+000     0.1000000000000E+001  0.0000000000000E+000
! 3 Dipole moments X (MCH) in a.u.
-0.1230000000000E+003  0.0000000000000E+000    -0.1230000000000E+003  0.0000000000000E+000    -0.1230000000000E+003  0.0000000000000E+000
-0.1230000000000E+003  0.0000000000000E+000    -0.1230000000000E+003  0.0000000000000E+000    -0.1230000000000E+003  0.0000000000000E+000
-0.1230000000000E+003  0.0000000000000E+000    -0.1230000000000E+003  0.0000000000000E+000    -0.1230000000000E+003  0.0000000000000E+000
! 3 Dipole moments Y (MCH) in a.u.
-0.1230000000000E+003  0.0000000000000E+000    -0.1230000000000E+003  0.0000000000000E+000    -0.1230000000000E+003  0.0000000000000E+000
-0.1230000000000E+003  0.0000000000000E+000    -0.1230000000000E+003  0.0000000000000E+000    -0.1230000000000E+003  0.0000000000000E+000
-0.1230000000000E+003  0.0000000000000E+000    -0.1230000000000E+003  0.0000000000000E+000    -0.1230000000000E+003  0.0000000000000E+000
! 3 Dipole moments Z (MCH) in a.u.
-0.1230000000000E+003  0.0000000000000E+000    -0.1230000000000E+003  0.0000000000000E+000    -0.1230000000000E+003  0.0000000000000E+000
-0.1230000000000E+003  0.0000000000000E+000    -0.1230000000000E+003  0.0000000000000E+000    -0.1230000000000E+003  0.0000000000000E+000
-0.1230000000000E+003  0.0000000000000E+000    -0.1230000000000E+003  0.0000000000000E+000    -0.1230000000000E+003  0.0000000000000E+000
! 5 Coefficients (diag)
 0.0000000000000E+000  0.0000000000000E+000
 0.1000000000000E+001  0.0000000000000E+000
 0.0000000000000E+000  0.0000000000000E+000
! 6 Hopping Probabilities (diag)
 0.0000000000000E+000
 0.0000000000000E+000
 0.0000000000000E+000
! 7 Ekin (a.u.)
 0.2281344941289E-003
! 8 states (diag, MCH)
           2            2
! 9 Random number
 0.0000000000000E+000
! 10 Runtime (sec)
           2
! 11 Geometry in a.u.
 0.6521920000000E-002 -0.1120911300000E+000 -0.3632297000000E-001
 0.2536280140000E+001  0.1255951100000E+000  0.3916310000000E-001
-0.1160003360000E+001  0.1677652950000E+001 -0.3634283000000E-001
 0.3255390000000E+001  0.1735747060000E+001  0.1943445000000E-001
 0.3647065260000E+001 -0.1630499390000E+001 -0.3238502800000E+000
-0.7042361700000E+000 -0.1943690130000E+001  0.3069418800000E+000
! 12 Velocities in a.u.
 0.1000000000000E-003  0.0000000000000E+000  0.0000000000000E+000
-0.1000000000000E-003  0.0000000000000E+000  0.0000000000000E+000
 0.0000000000000E+000  0.5000000000000E-004  0.0000000000000E+000
 0.0000000000000E+000 -0.5000000000000E-004  0.0000000000000E+000
 0.0000000000000E+000  0.0000000000000E+000  0.5000000000000E-004
 0.0000000000000E+000  0.0000000000000E+000 -0.5000000000000E-004
! 0 Step
           1
! 1 Hamiltonian (MCH) in a.u.
-0.7798464202881E+002  0.0000000000000E+000     0.0000000000000E+000  0.0000000000000E+000     0.0000000000000E+000  0.0000000000000E+000
 0.0000000000000E+000  0.0000000000000E+000    -0.7765763092041E+002  0.0000000000000E+000     0.0000000000000E+000  0.0000000000000E+000
 0.0000000000000E+000  0.0000000000000E+000     0.0000000000000E+000  0.0000000000000E+000    -0.7754776000977E+002  0.0000000000000E+000
! 2 U matrix
 0.1000000000000E+001  0.0000000000000E+000     0.0000000000000E+000  0.0000000000000E+000     0.0000000000000E+000  0.0000000000000E+000
 0.0000000000000E+000  0.0000000000000E+000     0.1000000000000E+001  0.0000000000000E+000     0.0000000000000E+000  0.0000000000000E+000
 0.0000000000000E+000  0.0000000000000E+000     0.0000000000000E+000  0.0000000000000E+000     0.1000000000000E+001  0.0000000000000E+000
! 3 Dipole moments X (MCH) in a.u.
-0.1230000000000E+003  0.0000000000000E+000    -0.1230000000000E+003  0.0000000000000E+000    -0.1230000000000E+003  0.0000000000000E+000
-0.1230000000000E+003  0.0000000000000E+000    -0.1230000000000E+003  0.0000000000000E+000    -0.1230000000000E+003  0.0000000000000E+000
-0.1230000000000E+003  0.0000000000000E+000    -0.1230000000000E+003  0.0000000000000E+000    -0.1230000000000E+003  0.0000000000000E+000
! 3 Dipole moments Y (MCH) in a.u.
-0.1230000000000E+003  0.0000000000000E+000    -0.1230000000000E+003  0.0000000000000E+000    -0.1230000000000E+003  0.0000000000000E+000
-0.1230000000000E+003  0.0000000000000E+000    -0.1230000000000E+003  0.0000000000000E+000    -0.1230000000000E+003  0.0000000000000E+000
-0.1230000000000E+003  0.0000000000000E+000    -0.1230000000000E+003  0.0000000000000E+000    -0.1230000000000E+003  0.0000000000000E+000
! 3 Dipole moments Z (MCH) in a.u.
-0.1230000000000E+003  0.0000000000000E+000    -0.1230000000000E+003  0.0000000000000E+000    -0.1230000000000E+003  0.0000000000000E+000
-0.1230000000000E+003  0.0000000000000E+000    -0.1230000000000E+003  0.0000000000000E+000    -0.1230000000000E+003  0.0000000000000E+000
-0.1230000000000E+003  0.0000000000000E+000    -0.1230000000000E+003  0.0000000000000E+000    -0.1230000000000E+003  0.0000000000000E+000
! 5 Coefficients (diag)
 0.0000000000000E+000  0.0000000000000E+000
-0.9926244370440E+000  0.1212300580842E+000
 0.0000000000000E+000  0.0000000000000E+000
! 6 Hopping Probabilities (diag)
 0.0000000000000E+000
 0.0000000000000E+000
 0.0000000000000E+000
! 7 Ekin (a.u.)
 0.6601966009730E-003
! 8 states (diag, MCH)
           2            2
! 9 Random number
 0.5393910569012E+000
! 10 Runtime (sec)
           2
! 11 Geometry in a.u.
 0.8292024944653E-002 -0.1119492200259E+000 -0.3617208183517E-001
 0.2534292228727E+001  0.1251749254403E+000  0.3895326394911E-001
-0.1160036778529E+001  0.1677410203978E+001 -0.3888403942937E-001
 0.3258793409372E+001  0.1740123970248E+001  0.2243635167089E-001
 0.3647635643054E+001 -0.1630253820271E+001 -0.3243300554629E+000
-0.7055812345951E+000 -0.1944754035058E+001  0.3076633667254E+000
! 12 Velocities in a.u.
 0.7052458174610E-004  0.1355745450865E-004  0.1450081710618E-004
-0.9147421244697E-004 -0.4026870681335E-004 -0.2005736655534E-004
-0.3402478801836E-005 -0.7342254351283E-004 -0.2457432483442E-003
 0.3273429267456E-003  0.4684464885482E-003  0.2895615878557E-003
 0.5531765709787E-004  0.2447768948138E-004 -0.9747457200283E-004
-0.1296291133861E-003 -0.1012190765511E-003  0.1198662414516E-003
! 0 Step
           2
! 1 Hamiltonian (MCH) in a.u.
-0.7798532104492E+002  0.0000000000000E+000     0.0000000000000E+000  0.0000000000000E+000     0.0000000000000E+000  0.0000000000000E+000
 0.0000000000000E+000  0.0000000000000E+000    -0.7765921783447E+002  0.0000000000000E+000     0.0000000000000E+000  0.0000000000000E+000
 0.0000000000000E+000  0.0000000000000E+000     0.0000000000000E+000  0.0000000000000E+000    -0.7754892730713E+002  0.0000000000000E+000
! 2 U matrix
 0.1000000000000E+001  0.0000000000000E+000     0.0000000000000E+000  0.0000000000000E+000     0.0000000000000E+000  0.0000000000000E+000
 0.0000000000000E+000  0.0000000000000E+000     0.1000000000000E+001  0.0000000000000E+000     0.0000000000000E+000  0.0000000000000E+000
 0.0000000000000E+000  0.0000000000000E+000     0.0000000000000E+000  0.0000000000000E+000     0.1000000000000E+001  0.0000000000000E+000
! 3 Dipole moments X (MCH) in a.u.
-0.1230000000000E+003  0.0000000000000E+000    -0.1230000000000E+003  0.0000000000000E+000    -0.1230000000000E+003  0.0000000000000E+000
-0.1230000000000E+003  0.0000000000000E+000    -0.1230000000000E+003  0.0000000000000E+000    -0.1230000000000E+003  0.0000000000000E+000
-0.1230000000000E+003  0.0000000000000E+000    -0.1230000000000E+003  0.0000000000000E+000    -0.1230000000000E+003  0.0000000000000E+000
! 3 Dipole moments Y (MCH) in a.u.
-0.1230000000000E+003  0.0000000000000E+000    -0.1230000000000E+003  0.0000000000000E+000    -0.1230000000000E+003  0.0000000000000E+000
-0.1230000000000E+003  0.0000000000000E+000    -0.1230000000000E+003  0.0000000000000E+000    -0.1230000000000E+003  0.0000000000000E+000
-0.1230000000000E+003  0.0000000000000E+000    -0.1230000000000E+003  0.0000000000000E+000    -0.1230000000000E+003  0.0000000000000E+000
! 3 Dipole moments Z (MCH) in a.u.
-0.1230000000000E+003  0.0000000000000E+000    -0.1230000000000E+003  0.0000000000000E+000    -0.1230000000000E+003  0.0000000000000E+000
-0.1230000000000E+003  0.0000000000000E+000    -0.1230000000000E+003  0.0000000000000E+000    -0.1230000000000E+003  0.0000000000000E+000
-0.1230000000000E+003  0.0000000000000E+000    -0.1230000000000E+003  0.0000000000000E+000    -0.1230000000000E+003  0.0000000000000E+000
! 5 Coefficients (diag)
 0.0000000000000E+000  0.0000000000000E+000
 0.9755115208714E+000 -0.2199483408603E+000
 0.0000000000000E+000  0.0000000000000E+000
! 6 Hopping Probabilities (diag)
 0.0000000000000E+000
 0.0000000000000E+000
 0.0000000000000E+000
! 7 Ekin (a.u.)
 0.2238533034013E-002
! 8 states (diag, MCH)
           2            2
! 9 Random number
 0.9600772615284E+000
! 10 Runtime (sec)
           2
! 11 Geometry in a.u.
 0.9437503063273E-002 -0.1115306462117E+000 -0.3572348630635E-001
 0.2532498470433E+001  0.1239303463579E+000  0.3833390092112E-001
-0.1160144023146E+001  0.1674617561217E+001 -0.4650219337440E-001
 0.3268922806143E+001  0.1755113281171E+001  0.3140532370707E-001
 0.3649352167914E+001 -0.1629487448701E+001 -0.3278800126719E+000
-0.7095952155716E+000 -0.1947874665632E+001  0.3118973150381E+000
! 12 Velocities in a.u.
 0.3986561078141E-004  0.2652166606146E-004  0.2870187620541E-004
-0.8103807714447E-004 -0.7907344392210E-004 -0.3931217470658E-004
-0.8257149696496E-005 -0.1952749134722E-003 -0.4919051237251E-003
 0.6453033253966E-003  0.9658201027741E-003  0.5768217170802E-003
 0.1106710772257E-003  0.5185914369941E-004 -0.2491523293901E-003
-0.2571195221441E-003 -0.1962145058189E-003  0.2906645585097E-003
! 0 Step
           3
! 1 Hamiltonian (MCH) in a.u.
-0.7798622894287E+002  0.0000000000000E+000     0.0000000000000E+000  0.0000000000000E+000     0.0000000000000E+000  0.0000000000000E+000
 0.0000000000000E+000  0.0000000000000E+000    -0.7766180419922E+002  0.0000000000000E+000     0.0000000000000E+000  0.0000000000000E+000
 0.0000000000000E+000  0.0000000000000E+000     0.0000000000000E+000  0.0000000000000E+000    -0.7755169677734E+002  0.0000000000000E+000
! 2 U matrix
 0.1000000000000E+001  0.0000000000000E+000     0.0000000000000E+000  0.0000000000000E+000     0.0000000000000E+000  0.0000000000000E+000
 0.0000000000000E+000  0.0000000000000E+000     0.1000000000000E+001  0.0000000000000E+000     0.0000000000000E+000  0.0000000000000E+000
 0.0000000000000E+000  0.0000000000000E+000     0.0000000000000E+000  0.0000000000000E+000     0.1000000000000E+001  0.0000000000000E+000
! 3 Dipole moments X (MCH) in a.u.
-0.1230000000000E+003  0.0000000000000E+000    -0.1230000000000E+003  0.0000000000000E+000    -0.1230000000000E+003  0.0000000000000E+000
-0.1230000000000E+003  0.0000000000000E+000    -0.1230000000000E+003  0.0000000000000E+000    -0.1230000000000E+003  0.0000000000000E+000
-0.1230000000000E+003  0.0000000000000E+000    -0.1230000000000E+003  0.0000000000000E+000    -0.1230000000000E+003  0.0000000000000E+000
! 3 Dipole moments Y (MCH) in a.u.
-0.1230000000000E+003  0.0000000000000E+000    -0.1230000000000E+003  0.0000000000000E+000    -0.1230000000000E+003  0.0000000000000E+000
-0.1230000000000E+003  0.0000000000000E+000    -0.1230000000000E+003  0.0000000000000E+000    -0.1230000000000E+003  0.0000000000000E+000
-0.1230000000000E+003  0.0000000000000E+000    -0.1230000000000E+003  0.0000000000000E+000    -0.1230000000000E+003  0.0000000000000E+000
! 3 Dipole moments Z (MCH) in a.u.
-0.1230000000000E+003  0.0000000000000E+000    -0.1230000000000E+003  0.0000000000000E+000    -0.1230000000000E+003  0.0000000000000E+000
-0.1230000000000E+003  0.0000000000000E+000    -0.1230000000000E+003  0.0000000000000E+000    -0.1230000000000E+003  0.0000000000000E+000
-0.1230000000000E+003  0.0000000000000E+000    -0.1230000000000E+003  0.0000000000000E+000    -0.1230000000000E+003  0.0000000000000E+000
! 5 Coefficients (diag)
 0.0000000000000E+000  0.0000000000000E+000
-0.9614830236717E+000  0.2748643214226E+000
 0.0000000000000E+000  0.0000000000000E+000
! 6 Hopping Probabilities (diag)
 0.0000000000000E+000
 0.0000000000000E+000
 0.0000000000000E+000
! 7 Ekin (a.u.)
 0.4798337069091E-002
! 8 states (diag, MCH)
           2            2
! 9 Random number
 0.8927614899845E+000
! 10 Runtime (sec)
           3
! 11 Geometry in a.u.
 0.9940124043203E-002 -0.1108527779278E+000 -0.3498550685554E-001
 0.2530942003325E+001  0.1219059206743E+000  0.3732804465795E-001
-0.1160378140438E+001  0.1669337270877E+001 -0.5922007279478E-001
 0.3285471135062E+001  0.1780052299691E+001  0.4628295362454E-001
 0.3652210937375E+001 -0.1628109892050E+001 -0.3346303549296E+000
-0.7162109087518E+000 -0.1952865812197E+001  0.3196798387540E+000
! 12 Velocities in a.u.
 0.8606008905139E-005  0.3841845099466E-004  0.4245966235537E-004
-0.6828208988216E-004 -0.1149048895529E-003 -0.5728669958293E-004
-0.1674750556988E-004 -0.3128105280323E-003 -0.7401334600037E-003
 0.9425623305382E-003  0.1419227076422E-002  0.8614531509725E-003
 0.1656993036556E-003  0.8473431426729E-004 -0.4087855563002E-003
-0.3804333569417E-003 -0.2797634160326E-003  0.4641399848334E-003
! 0 Step
           4
! 1 Hamiltonian (MCH) in a.u.
-0.7798705291748E+002  0.0000000000000E+000     0.0000000000000E+000  0.0000000000000E+000     0.0000000000000E+000  0.0000000000000E+000
 0.0000000000000E+000  0.0000000000000E+000    -0.7766510772705E+002  0.0000000000000E+000     0.0000000000000E+000  0.0000000000000E+000
 0.0000000000000E+000  0.0000000000000E+000     0.0000000000000E+000  0.0000000000000E+000    -0.7755599975586E+002  0.0000000000000E+000
! 2 U matrix
 0.1000000000000E+001  0.0000000000000E+000     0.0000000000000E+000  0.0000000000000E+000     0.0000000000000E+000  0.0000000000000E+000
 0.0000000000000E+000  0.0000000000000E+000     0.1000000000000E+001  0.0000000000000E+000     0.0000000000000E+000  0.0000000000000E+000
 0.0000000000000E+000  0.0000000000000E+000     0.0000000000000E+000  0.0000000000000E+000     0.1000000000000E+001  0.0000000000000E+000
! 3 Dipole moments X (MCH) in a.u.
-0.1230000000000E+003  0.0000000000000E+000    -0.1230000000000E+003  0.0000000000000E+000    -0.1230000000000E+003  0.0000000000000E+000
-0.1230000000000E+003  0.0000000000000E+000    -0.1230000000000E+003  0.0000000000000E+000    -0.1230000000000E+003  0.0000000000000E+000
-0.1230000000000E+003  0.0000000000000E+000    -0.1230000000000E+003  0.0000000000000E+000    -0.1230000000000E+003  0.0000000000000E+000
! 3 Dipole moments Y (MCH) in a.u.
-0.1230000000000E+003  0.0000000000000E+000    -0.1230000000000E+003  0.0000000000000E+000    -0.1230000000000E+003  0.0000000000000E+000
-0.1230000000000E+003  0.0000000000000E+000    -0.1230000000000E+003  0.0000000000000E+000    -0.1230000000000E+003  0.0000000000000E+000
-0.1230000000000E+003  0.0000000000000E+000    -0.1230000000000E+003  0.0000000000000E+000    -0.1230000000000E+003  0.0000000000000E+000
! 3 Dipole moments Z (MCH) in a.u.
-0.1230000000000E+003  0.0000000000000E+000    -0.1230000000000E+003  0.0000000000000E+000    -0.1230000000000E+003  0.0000000000000E+000
-0.1230000000000E+003  0.0000000000000E+000    -0.1230000000000E+003  0.0000000000000E+000    -0.1230000000000E+003  0.0000000000000E+000
-0.1230000000000E+003  0.0000000000000E+000    -0.1230000000000E+003  0.0000000000000E+000    -0.1230000000000E+003  0.0000000000000E+000
! 5 Coefficients (diag)
 0.0000000000000E+000  0.0000000000000E+000
 0.9627057033878E+000 -0.2705507875884E+000
 0.0000000000000E+000  0.0000000000000E+000
! 6 Hopping Probabilities (diag)
 0.0000000000000E+000
 0.0000000000000E+000
 0.0000000000000E+000
! 7 Ekin (a.u.)
 0.8082280887962E-002
! 8 states (diag, MCH)
           2            2
! 9 Random number
 0.6081040550923E+000
! 10 Runtime (sec)
           3
! 11 Geometry in a.u.
 0.9793287290346E-002 -0.1099423746862E+000 -0.3396814555323E-001
 0.2529675595063E+001  0.1191800204209E+000  0.3596559008652E-001
-0.1160836388027E+001  0.1661685544395E+001 -0.7710032706227E-001
 0.3307889627342E+001  0.1813786077584E+001  0.6701898003219E-001
 0.3656202404688E+001 -0.1625984415780E+001 -0.3447797689689E+000
-0.7253228530101E+000 -0.1959440469460E+001  0.3310854994309E+000
! 12 Velocities in a.u.
-0.2264094222345E-004  0.4882569171863E-004  0.5575857270346E-004
-0.5275910238616E-004 -0.1459989273625E-003 -0.7380250215962E-004
-0.3095735680274E-004 -0.4238330541643E-003 -0.9933404165639E-003
 0.1207234410576E-002  0.1804048678154E-002  0.1145218372533E-002
 0.2202780510837E-003  0.1249620785689E-003 -0.5799287008393E-003
-0.4981127046229E-003 -0.3472931185170E-003  0.6430563368325E-003
! 0 Step
           5
! 1 Hamiltonian (MCH) in a.u.
-0.7798745727539E+002  0.0000000000000E+000     0.0000000000000E+000  0.0000000000000E+000     0.0000000000000E+000  0.0000000000000E+000
 0.0000000000000E+000  0.0000000000000E+000    -0.7766883087158E+002  0.0000000000000E+000     0.0000000000000E+000  0.0000000000000E+000
 0.0000000000000E+000  0.0000000000000E+000     0.0000000000000E+000  0.0000000000000E+000    -0.7756169128418E+002  0.0000000000000E+000
! 2 U matrix
 0.1000000000000E+001  0.0000000000000E+000     0.0000000000000E+000  0.0000000000000E+000     0.0000000000000E+000  0.0000000000000E+000
 0.0000000000000E+000  0.0000000000000E+000     0.1000000000000E+001  0.0000000000000E+000     0.0000000000000E+000  0.0000000000000E+000
 0.0000000000000E+000  0.0000000000000E+000     0.0000000000000E+000  0.0000000000000E+000     0.1000000000000E+001  0.0000000000000E+000
! 3 Dipole moments X (MCH) in a.u.
-0.1230000000000E+003  0.0000000000000E+000    -0.1230000000000E+003  0.0000000000000E+000    -0.1230000000000E+003  0.0000000000000E+000
-0.1230000000000E+003  0.0000000000000E+000    -0.1230000000000E+003  0.0000000000000E+000    -0.1230000000000E+003  0.0000000000000E+000
-0.1230000000000E+003  0.0000000000000E+000    -0.1230000000000E+003  0.0000000000000E+000    -0.1230000000000E+003  0.0000000000000E+000
! 3 Dipole moments Y (MCH) in a.u.
-0.1230000000000E+003  0.0000000000000E+000    -0.1230000000000E+003  0.0000000000000E+000    -0.1230000000000E+003  0.0000000000000E+000
-0.1230000000000E+003  0.0000000000000E+000    -0.1230000000000E+003  0.0000000000000E+000    -0.1230000000000E+003  0.0000000000000E+000
-0.1230000000000E+003  0.0000000000000E+000    -0.1230000000000E+003  0.0000000000000E+000    -0.1230000000000E+003  0.0000000000000E+000
! 3 Dipole moments Z (MCH) in a.u.
-0.1230000000000E+003  0.0000000000000E+000    -0.1230000000000E+003  0.0000000000000E+000    -0.1230000000000E+003  0.0000000000000E+000
-0.1230000000000E+003  0.0000000000000E+000    -0.1230000000000E+003  0.0000000000000E+000    -0.1230000000000E+003  0.0000000000000E+000
-0.1230000000000E+003  0.0000000000000E+000    -0.1230000000000E+003  0.0000000000000E+000    -0.1230000000000E+003  0.0000000000000E+000
! 5 Coefficients (diag)
 0.0000000000000E+000  0.0000000000000E+000
-0.9807197632269E+000  0.1954194105409E+000
 0.0000000000000E+000  0.0000000000000E+000
! 6 Hopping Probabilities (diag)
 0.0000000000000E+000
 0.0000000000000E+000
 0.0000000000000E+000
! 7 Ekin (a.u.)
 0.1179437466477E-001
! 8 states (diag, MCH)
           2            2
! 9 Random number
 0.6433215172389E+000
! 10 Runtime (sec)
           2
! 11 Geometry in a.u.
 0.9004116398083E-002 -0.1088342567781E+000 -0.3268037088477E-001
 0.2528760869577E+001  0.1158701245116E+000  0.3427694786309E-001
-0.1161657960083E+001  0.1651815430353E+001 -0.1002861298049E+000
 0.3335379863533E+001  0.1854634149610E+001  0.9362785391374E-001
 0.3661317534523E+001 -0.1622943788108E+001 -0.3586054038587E+000
-0.7368035720366E+000 -0.1967223386666E+001  0.3462646708506E+000
! 12 Velocities in a.u.
-0.5309222392542E-004  0.5738215566422E-004  0.6870068149735E-004
-0.3419573743270E-004 -0.1704904662711E-003 -0.8893750086062E-004
-0.5277760419671E-004 -0.5269690175988E-003 -0.1256290150753E-002
 0.1427793780558E-002  0.2095946832862E-002  0.1432118901793E-002
 0.2745657098682E-003  0.1735858126587E-003 -0.7666338133137E-003
-0.6094869468230E-003 -0.3948018719153E-003  0.8319404325255E-003
! 0 Step
           6
! 1 Hamiltonian (MCH) in a.u.
-0.7798706817627E+002  0.0000000000000E+000     0.0000000000000E+000  0.0000000000000E+000     0.0000000000000E+000  0.0000000000000E+000
 0.0000000000000E+000  0.0000000000000E+000    -0.7767272949219E+002  0.0000000000000E+000     0.0000000000000E+000  0.0000000000000E+000
 0.0000000000000E+000  0.0000000000000E+000     0.0000000000000E+000  0.0000000000000E+000    -0.7756867980957E+002  0.0000000000000E+000
! 2 U matrix
 0.1000000000000E+001  0.0000000000000E+000     0.0000000000000E+000  0.0000000000000E+000     0.0000000000000E+000  0.0000000000000E+000
 0.0000000000000E+000  0.0000000000000E+000     0.1000000000000E+001  0.0000000000000E+000     0.0000000000000E+000  0.0000000000000E+000
 0.0000000000000E+000  0.0000000000000E+000     0.0000000000000E+000  0.0000000000000E+000     0.1000000000000E+001  0.0000000000000E+000
! 3 Dipole moments X (MCH) in a.u.
-0.1230000000000E+003  0.0000000000000E+000    -0.1230000000000E+003  0.0000000000000E+000    -0.1230000000000E+003  0.0000000000000E+000
-0.1230000000000E+003  0.0000000000000E+000    -0.1230000000000E+003  0.0000000000000E+000    -0.1230000000000E+003  0.0000000000000E+000
-0.1230000000000E+003  0.0000000000000E+000    -0.1230000000000E+003  0.0000000000000E+000    -0.1230000000000E+003  0.0000000000000E+000
! 3 Dipole moments Y (MCH) in a.u.
-0.1230000000000E+003  0.0000000000000E+000    -0.1230000000000E+003  0.0000000000000E+000    -0.1230000000000E+003  0.0000000000000E+000
-0.1230000000000E+003  0.0000000000000E+000    -0.1230000000000E+003  0.0000000000000E+000    -0.1230000000000E+003  0.0000000000000E+000
-0.1230000000000E+003  0.0000000000000E+000    -0.1230000000000E+003  0.0000000000000E+000    -0.1230000000000E+003  0.0000000000000E+000
! 3 Dipole moments Z (MCH) in a.u.
-0.1230000000000E+003  0.0000000000000E+000    -0.1230000000000E+003  0.0000000000000E+000    -0.1230000000000E+003  0.0000000000000E+000
-0.1230000000000E+003  0.0000000000000E+000    -0.1230000000000E+003  0.0000000000000E+000    -0.1230000000000E+003  0.0000000000000E+000
-0.1230000000000E+003  0.0000000000000E+000    -0.1230000000000E+003  0.0000000000000E+000    -0.1230000000000E+003  0.0000000000000E+000
! 5 Coefficients (diag)
 0.0000000000000E+000  0.0000000000000E+000
 0.9991775980574E+000 -0.4054784260813E-001
 0.0000000000000E+000  0.0000000000000E+000
! 6 Hopping Probabilities (diag)
 0.0000000000000E+000
 0.0000000000000E+000
 0.0000000000000E+000
! 7 Ekin (a.u.)
 0.1568978510614E-001
! 8 states (diag, MCH)
           2            2
! 9 Random number
 0.9615587220278E+000
! 10 Runtime (sec)
           3
! 11 Geometry in a.u.
 0.7598381839850E-002 -0.1075701175661E+000 -0.3112796503107E-001
 0.2528261896315E+001  0.1121317104047E+000  0.3228879165994E-001
-0.1163018286665E+001  0.1639899921502E+001 -0.1290370872019E+000
 0.3366916583069E+001  0.1900435398092E+001  0.1262247422116E+000
 0.3667553328205E+001 -0.1618808139894E+001 -0.3764734636565E+000
-0.7505198804216E+000 -0.1975762121040E+001  0.3654790594446E+000
! 12 Velocities in a.u.
-0.8163670172270E-004  0.6375700067656E-004  0.8146302051121E-004
-0.1288987713422E-004 -0.1869063342717E-003 -0.1029249225245E-003
-0.8371397536397E-004 -0.6214150309666E-003 -0.1534465108355E-002
 0.1595643122270E-002  0.2276835059957E-002  0.1726706057092E-002
 0.3289015494743E-003  0.2307431861294E-003 -0.9726425699614E-003
-0.7144827554487E-003 -0.4187558814416E-003  0.1036134667219E-002
! 0 Step
           7
! 1 Hamiltonian (MCH) in a.u.
-0.7798564147949E+002  0.0000000000000E+000     0.0000000000000E+000  0.0000000000000E+000     0.0000000000000E+000  0.0000000000000E+000
 0.0000000000000E+000  0.0000000000000E+000    -0.7767671203613E+002  0.0000000000000E+000     0.0000000000000E+000  0.0000000000000E+000
 0.0000000000000E+000  0.0000000000000E+000     0.0000000000000E+000  0.0000000000000E+000    -0.7757686614990E+002  0.0000000000000E+000
! 2 U matrix
 0.1000000000000E+001  0.0000000000000E+000     0.0000000000000E+000  0.0000000000000E+000     0.0000000000000E+000  0.0000000000000E+000
 0.0000000000000E+000  0.0000000000000E+000     0.1000000000000E+001  0.0000000000000E+000     0.0000000000000E+000  0.0000000000000E+000
 0.0000000000000E+000  0.0000000000000E+000     0.0000000000000E+000  0.0000000000000E+000     0.1000000000000E+001  0.0000000000000E+000
! 3 Dipole moments X (MCH) in a.u.
-0.1230000000000E+003  0.0000000000000E+000    -0.1230000000000E+003  0.0000000000000E+000    -0.1230000000000E+003  0.0000000000000E+000
-0.1230000000000E+003  0.0000000000000E+000    -0.1230000000000E+003  0.0000000000000E+000    -0.1230000000000E+003  0.0000000000000E+000
-0.1230000000000E+003  0.0000000000000E+000    -0.1230000000000E+003  0.0000000000000E+000    -0.1230000000000E+003  0.0000000000000E+000
! 3 Dipole moments Y (MCH) in a.u.
-0.1230000000000E+003  0.0000000000000E+000    -0.1230000000000E+003  0.0000000000000E+000    -0.1230000000000E+003  0.0000000000000E+000
-0.1230000000000E+003  0.0000000000000E+000    -0.1230000000000E+003  0.0000000000000E+000    -0.1230000000000E+003  0.0000000000000E+000
-0.1230000000000E+003  0.0000000000000E+000    -0.1230000000000E+003  0.0000000000000E+000    -0.1230000000000E+003  0.0000000000000E+000
! 3 Dipole moments Z (MCH) in a.u.
-0.1230000000000E+003  0.0000000000000E+000    -0.1230000000000E+003  0.0000000000000E+000    -0.1230000000000E+003  0.0000000000000E+000
-0.1230000000000E+003  0.0000000000000E+000    -0.1230000000000E+003  0.0000000000000E+000    -0.1230000000000E+003  0.0000000000000E+000
-0.1230000000000E+003  0.0000000000000E+000    -0.1230000000000E+003  0.0000000000000E+000    -0.1230000000000E+003  0.0000000000000E+000
! 5 Coefficients (diag)
 0.0000000000000E+000  0.0000000000000E+000
-0.9806471338635E+000 -0.1957835510081E+000
 0.0000000000000E+000  0.0000000000000E+000
! 6 Hopping Probabilities (diag)
 0.0000000000000E+000
 0.0000000000000E+000
 0.0000000000000E+000
! 7 Ekin (a.u.)
 0.1968155582691E-001
! 8 states (diag, MCH)
           2            2
! 9 Random number
 0.5218666058741E+000
! 10 Runtime (sec)
           2
! 11 Geometry in a.u.
 0.5629143034312E-002 -0.1061984548104E+000 -0.2931257774080E-001
 0.2528227984354E+001  0.1081431599678E+000  0.3002189021551E-001
-0.1165118810791E+001  0.1626125279562E+001 -0.1637230247192E+000
 0.3401345941560E+001  0.1948761637846E+001  0.1650122536601E+000
 0.3674914776270E+001 -0.1613404547905E+001 -0.3988157834652E+000
-0.7663412703712E+000 -0.1984535329897E+001  0.3890999009536E+000
! 12 Velocities in a.u.
-0.1068938851947E-003  0.6759427928958E-004  0.9422218277004E-004
 0.1002305280195E-004 -0.1947552109843E-003 -0.1160920995325E-003
-0.1249577774582E-003 -0.7067134877808E-003 -0.1832655366664E-002
 0.1708946035291E-002  0.2341982258142E-002  0.2032913593623E-002
 0.3838906890653E-003  0.2959239380198E-003 -0.1200433269661E-002
-0.8135976331690E-003 -0.4159844771091E-003  0.1260769849204E-002
! 0 Step
           8
! 1 Hamiltonian (MCH) in a.u.
-0.7798311614990E+002  0.0000000000000E+000     0.0000000000000E+000  0.0000000000000E+000     0.0000000000000E+000  0.0000000000000E+000
 0.0000000000000E+000  0.0000000000000E+000    -0.7768089294434E+002  0.0000000000000E+000     0.0000000000000E+000  0.0000000000000E+000
 0.0000000000000E+000  0.0000000000000E+000     0.0000000000000E+000  0.0000000000000E+000    -0.7758621215820E+002  0.0000000000000E+000
! 2 U matrix
 0.1000000000000E+001  0.0000000000000E+000     0.0000000000000E+000  0.0000000000000E+000     0.0000000000000E+000  0.0000000000000E+000
 0.0000000000000E+000  0.0000000000000E+000     0.1000000000000E+001  0.0000000000000E+000     0.0000000000000E+000  0.0000000000000E+000
 0.0000000000000E+000  0.0000000000000E+000     0.0000000000000E+000  0.0000000000000E+000     0.1000000000000E+001  0.0000000000000E+000
! 3 Dipole moments X (MCH) in a.u.
-0.1230000000000E+003  0.0000000000000E+000    -0.1230000000000E+003  0.0000000000000E+000    -0.1230000000000E+003  0.0000000000000E+000
-0.1230000000000E+003  0.0000000000000E+000    -0.1230000000000E+003  0.0000000000000E+000    -0.1230000000000E+003  0.0000000000000E+000
-0.1230000000000E+003  0.0000000000000E+000    -0.1230000000000E+003  0.0000000000000E+000    -0.1230000000000E+003  0.0000000000000E+000
! 3 Dipole moments Y (MCH) in a.u.
-0.1230000000000E+003  0.0000000000000E+000    -0.1230000000000E+003  0.0000000000000E+000    -0.1230000000000E+003  0.0000000000000E+000
-0.1230000000000E+003  0.0000000000000E+000    -0.1230000000000E+003  0.0000000000000E+000    -0.1230000000000E+003  0.0000000000000E+000
-0.1230000000000E+003  0.0000000000000E+000    -0.1230000000000E+003  0.0000000000000E+000    -0.1230000000000E+003  0.0000000000000E+000
! 3 Dipole moments Z (MCH) in a.u.
-0.1230000000000E+003  0.0000000000000E+000    -0.1230000000000E+003  0.0000000000000E+000    -0.1230000000000E+003  0.0000000000000E+000
-0.1230000000000E+003  0.0000000000000E+000    -0.1230000000000E+003  0.0000000000000E+000    -0.1230000000000E+003  0.0000000000000E+000
-0.1230000000000E+003  0.0000000000000E+000    -0.1230000000000E+003  0.0000000000000E+000    -0.1230000000000E+003  0.0000000000000E+000
! 5 Coefficients (diag)
 0.0000000000000E+000  0.0000000000000E+000
 0.8682531955483E+000  0.4961213444514E+000
 0.0000000000000E+000  0.0000000000000E+000
! 6 Hopping Probabilities (diag)
 0.0000000000000E+000
 0.0000000000000E+000
 0.0000000000000E+000
! 7 Ekin (a.u.)
 0.2388479516837E-001
! 8 states (diag, MCH)
           2            2
! 9 Random number
 0.9033374075329E+000
! 10 Runtime (sec)
           2
! 11 Geometry in a.u.
 0.3179241824770E-002 -0.1047756772306E+000 -0.2723269059671E-001
 0.2528676263083E+001  0.1040802625184E+000  0.2748938483190E-001
-0.1168184212794E+001  0.1610683415363E+001 -0.2048015769098E+000
 0.3437566759124E+001  0.1997256160971E+001  0.2102681820437E+000
 0.3683423896501E+001 -0.1606574237893E+001 -0.4261010236215E+000
-0.7841551239191E+000 -0.1992959490610E+001  0.4176010164703E+000
! 12 Velocities in a.u.
-0.1274475781789E-003  0.6850968308517E-004  0.1071027092928E-003
 0.3269659802416E-004 -0.1946533536933E-003 -0.1288834685305E-003
-0.1776626694090E-003 -0.7828381066409E-003 -0.2153574316583E-002
 0.1774198343362E-002  0.2301370318907E-002  0.2353538801613E-002
 0.4406413084900E-003  0.3684850488409E-003 -0.1450041607341E-002
-0.9081551054484E-003 -0.3839303783281E-003  0.1509609577713E-002
! 0 Step
           9
! 1 Hamiltonian (MCH) in a.u.
-0.7797955322266E+002  0.0000000000000E+000     0.0000000000000E+000  0.0000000000000E+000     0.0000000000000E+000  0.0000000000000E+000
 0.0000000000000E+000  0.0000000000000E+000    -0.7768554687500E+002  0.0000000000000E+000     0.0000000000000E+000  0.0000000000000E+000
 0.0000000000000E+000  0.0000000000000E+000     0.0000000000000E+000  0.0000000000000E+000    -0.7759674835205E+002  0.0000000000000E+000
! 2 U matrix
 0.1000000000000E+001  0.0000000000000E+000     0.0000000000000E+000  0.0000000000000E+000     0.0000000000000E+000  0.0000000000000E+000
 0.0000000000000E+000  0.0000000000000E+000     0.1000000000000E+001  0.0000000000000E+000     0.0000000000000E+000  0.0000000000000E+000
 0.0000000000000E+000  0.0000000000000E+000     0.0000000000000E+000  0.0000000000000E+000     0.1000000000000E+001  0.0000000000000E+000
! 3 Dipole moments X (MCH) in a.u.
-0.1230000000000E+003  0.0000000000000E+000    -0.1230000000000E+003  0.0000000000000E+000    -0.1230000000000E+003  0.0000000000000E+000
-0.1230000000000E+003  0.0000000000000E+000    -0.1230000000000E+003  0.0000000000000E+000    -0.1230000000000E+003  0.0000000000000E+000
-0.1230000000000E+003  0.0000000000000E+000    -0.1230000000000E+003  0.0000000000000E+000    -0.1230000000000E+003  0.0000000000000E+000
! 3 Dipole moments Y (MCH) in a.u.
-0.1230000000000E+003  0.0000000000000E+000    -0.1230000000000E+003  0.0000000000000E+000    -0.1230000000000E+003  0.0000000000000E+000
-0.1230000000000E+003  0.0000000000000E+000    -0.1230000000000E+003  0.0000000000000E+000    -0.1230000000000E+003  0.0000000000000E+000
-0.1230000000000E+003  0.0000000000000E+000    -0.1230000000000E+003  0.0000000000000E+000    -0.1230000000000E+003  0.0000000000000E+000
! 3 Dipole moments Z (MCH) in a.u.
-0.1230000000000E+003  0.0000000000000E+000    -0.1230000000000E+003  0.0000000000000E+000    -0.1230000000000E+003  0.0000000000000E+000
-0.1230000000000E+003  0.0000000000000E+000    -0.1230000000000E+003  0.0000000000000E+000    -0.1230000000000E+003  0.0000000000000E+000
-0.1230000000000E+003  0.0000000000000E+000    -0.1230000000000E+003  0.0000000000000E+000    -0.1230000000000E+003  0.0000000000000E+000
! 5 Coefficients (diag)
 0.0000000000000E+000  0.0000000000000E+000
-0.5956658678015E+000 -0.8032323287420E+000
 0.0000000000000E+000  0.0000000000000E+000
! 6 Hopping Probabilities (diag)
 0.0000000000000E+000
 0.0000000000000E+000
 0.0000000000000E+000
! 7 Ekin (a.u.)
 0.2854602407263E-001
! 8 states (diag, MCH)
           2            2
! 9 Random number
 0.5800066373227E+000
! 10 Runtime (sec)
           3
! 11 Geometry in a.u.
 0.3602851241528E-003 -0.1033661704249E+000 -0.2488480465072E-001
 0.2529579706620E+001  0.1000959230018E+000  0.2469367062626E-001
-0.1172463629535E+001  0.1593761677134E+001 -0.2527547445461E+000
 0.3474693737644E+001  0.2043903447383E+001  0.2623107799164E+000
 0.3693131493111E+001 -0.1598170869933E+001 -0.4587624949059E+000
-0.8038856496318E+000 -0.2000407539002E+001  0.4515092340962E+000
! 12 Velocities in a.u.
-0.1418663377594E-003  0.6618246748655E-004  0.1201702924367E-003
 0.5277029941343E-004 -0.1879688616721E-003 -0.1418747075599E-003
-0.2427910339871E-003 -0.8502944391240E-003 -0.2496228471930E-002
 0.1803932198361E-002  0.2174891615727E-002  0.2689136214949E-002
 0.5005666865266E-003  0.4478351975575E-003 -0.1717478792453E-002
-0.1000068402719E-002 -0.3212653594177E-003  0.1783193823686E-002
! 0 Step
          10
! 1 Hamiltonian (MCH) in a.u.
-0.7797494506836E+002  0.0000000000000E+000     0.0000000000000E+000  0.0000000000000E+000     0.0000000000000E+000  0.0000000000000E+000
 0.0000000000000E+000  0.0000000000000E+000    -0.7769088745117E+002  0.0000000000000E+000     0.0000000000000E+000  0.0000000000000E+000
 0.0000000000000E+000  0.0000000000000E+000     0.0000000000000E+000  0.0000000000000E+000    -0.7760846710205E+002  0.0000000000000E+000
! 2 U matrix
 0.1000000000000E+001  0.0000000000000E+000     0.0000000000000E+000  0.0000000000000E+000     0.0000000000000E+000  0.0000000000000E+000
 0.0000000000000E+000  0.0000000000000E+000     0.1000000000000E+001  0.0000000000000E+000     0.0000000000000E+000  0.0000000000000E+000
 0.0000000000000E+000  0.0000000000000E+000     0.0000000000000E+000  0.0000000000000E+000     0.1000000000000E+001  0.0000000000000E+000
! 3 Dipole moments X (MCH) in a.u.
-0.1230000000000E+003  0.0000000000000E+000    -0.1230000000000E+003  0.0000000000000E+000    -0.1230000000000E+003  0.0000000000000E+000
-0.1230000000000E+003  0.0000000000000E+000    -0.1230000000000E+003  0.0000000000000E+000    -0.1230000000000E+003  0.0000000000000E+000
-0.1230000000000E+003  0.0000000000000E+000    -0.1230000000000E+003  0.0000000000000E+000    -0.1230000000000E+003  0.0000000000000E+000
! 3 Dipole moments Y (MCH) in a.u.
-0.1230000000000E+003  0.0000000000000E+000    -0.1230000000000E+003  0.0000000000000E+000    -0.1230000000000E+003  0.0000000000000E+000
-0.1230000000000E+003  0.0000000000000E+000    -0.1230000000000E+003  0.0000000000000E+000    -0.1230000000000E+003  0.0000000000000E+000
-0.1230000000000E+003  0.0000000000000E+000    -0.1230000000000E+003  0.0000000000000E+000    -0.1230000000000E+003  0.0000000000000E+000
! 3 Dipole moments Z (MCH) in a.u.
-0.1230000000000E+003  0.0000000000000E+000    -0.1230000000000E+003  0.0000000000000E+000    -0.1230000000000E+003  0.0000000000000E+000
-0.1230000000000E+003  0.0000000000000E+000    -0.1230000000000E+003  0.0000000000000E+000    -0.1230000000000E+003  0.0000000000000E+000
-0.1230000000000E+003  0.0000000000000E+000    -0.1230000000000E+003  0.0000000000000E+000    -0.1230000000000E+003  0.0000000000000E+000
! 5 Coefficients (diag)
 0.0000000000000E+000  0.0000000000000E+000
 0.1206431651616E+000  0.9926959386941E+000
 0.0000000000000E+000  0.0000000000000E+000
! 6 Hopping Probabilities (diag)
 0.0000000000000E+000
 0.0000000000000E+000
 0.0000000000000E+000
! 7 Ekin (a.u.)
 0.3390209187688E-001
! 8 states (diag, MCH)
           2            2
! 9 Random number
 0.3818383464095E+000
! 10 Runtime (sec)
           2
! 11 Geometry in a.u.
-0.2685707408239E-002 -0.1020396031340E+000 -0.2226468567329E-001
 0.2530857859732E+001  0.9630937163261E-001  0.2162408957985E-001
-0.1178221527573E+001  0.1575531075510E+001 -0.3079990900978E+000
 0.3512143793608E+001  0.2087169167220E+001  0.3214407662551E+000
 0.3704118010768E+001 -0.1588060115798E+001 -0.4971039555755E+000
-0.8254993251166E+000 -0.2006241041774E+001  0.4913206980643E+000
! 12 Velocities in a.u.
-0.1488951064308E-003  0.6044674439351E-004  0.1333718919112E-003
 0.6781209996476E-004 -0.1763899988737E-003 -0.1556181640212E-003
-0.3205642934325E-003 -0.9104661430839E-003 -0.2854409397937E-002
 0.1813023872397E-002  0.1986158283181E-002  0.3036279424189E-002
 0.5647783818364E-003  0.5337721425847E-003 -0.1993962017821E-002
-0.1091079195542E-002 -0.2279221878982E-003  0.2077171325926E-002
! 0 Step
          11
! 1 Hamiltonian (MCH) in a.u.
-0.7796917724609E+002  0.0000000000000E+000     0.0000000000000E+000  0.0000000000000E+000     0.0000000000000E+000  0.0000000000000E+000
 0.0000000000000E+000  0.0000000000000E+000    -0.7769705963135E+002  0.0000000000000E+000     0.0000000000000E+000  0.0000000000000E+000
 0.0000000000000E+000  0.0000000000000E+000     0.0000000000000E+000  0.0000000000000E+000    -0.7762136077881E+002  0.0000000000000E+000
! 2 U matrix
 0.1000000000000E+001  0.0000000000000E+000     0.0000000000000E+000  0.0000000000000E+000     0.0000000000000E+000  0.0000000000000E+000
 0.0000000000000E+000  0.0000000000000E+000     0.1000000000000E+001  0.0000000000000E+000     0.0000000000000E+000  0.0000000000000E+000
 0.0000000000000E+000  0.0000000000000E+000     0.0000000000000E+000  0.0000000000000E+000     0.1000000000000E+001  0.0000000000000E+000
! 3 Dipole moments X (MCH) in a.u.
-0.1230000000000E+003  0.0000000000000E+000    -0.1230000000000E+003  0.0000000000000E+000    -0.1230000000000E+003  0.0000000000000E+000
-0.1230000000000E+003  0.0000000000000E+000    -0.1230000000000E+003  0.0000000000000E+000    -0.1230000000000E+003  0.0000000000000E+000
-0.1230000000000E+003  0.0000000000000E+000    -0.1230000000000E+003  0.0000000000000E+000    -0.1230000000000E+003  0.0000000000000E+000
! 3 Dipole moments Y (MCH) in a.u.
-0.1230000000000E+003  0.0000000000000E+000    -0.1230000000000E+003  0.0000000000000E+000    -0.1230000000000E+003  0.0000000000000E+000
-0.1230000000000E+003  0.0000000000000E+000    -0.1230000000000E+003  0.0000000000000E+000    -0.1230000000000E+003  0.0000000000000E+000
-0.1230000000000E+003  0.0000000000000E+000    -0.1230000000000E+003  0.0000000000000E+000    -0.1230000000000E+003  0.0000000000000E+000
! 3 Dipole moments Z (MCH) in a.u.
-0.1230000000000E+003  0.0000000000000E+000    -0.1230000000000E+003  0.0000000000000E+000    -0.1230000000000E+003  0.0000000000000E+000
-0.1230000000000E+003  0.0000000000000E+000    -0.1230000000000E+003  0.0000000000000E+000    -0.1230000000000E+003  0.0000000000000E+000
-0.1230000000000E+003  0.0000000000000E+000    -0.1230000000000E+003  0.0000000000000E+000    -0.1230000000000E+003  0.0000000000000E+000
! 5 Coefficients (diag)
 0.0000000000000E+000  0.0000000000000E+000
 0.4930142679297E+000 -0.8700212248087E+000
 0.0000000000000E+000  0.0000000000000E+000
! 6 Hopping Probabilities (diag)
 0.0000000000000E+000
 0.0000000000000E+000
 0.0000000000000E+000
! 7 Ekin (a.u.)
 0.4006238115705E-001
! 8 states (diag, MCH)
           2            2
! 9 Random number
 0.4075631499893E+000
! 10 Runtime (sec)
           3
! 11 Geometry in a.u.
-0.5795243058584E-002 -0.1008672189980E+000 -0.1937102747480E-001
 0.2532383151961E+001  0.9280371820578E-001  0.1826020200973E-001
-0.1185716197668E+001  0.1556121756404E+001 -0.3707599491177E+000
 0.3549646634418E+001  0.2126013958470E+001  0.3878347411418E+000
 0.3716480207046E+001 -0.1576103996510E+001 -0.5411956231008E+000
-0.8489923619929E+000 -0.2009830155263E+001  0.5373823493624E+000
! 12 Velocities in a.u.
-0.1479104366757E-003  0.5131012171341E-004  0.1464807935331E-003
 0.7606001003759E-004 -0.1614315703370E-003 -0.1704153671843E-003
-0.4102237916654E-003 -0.9662141718667E-003 -0.3217688674681E-002
 0.1814885516307E-002  0.1755464947635E-002  0.3387581234202E-002
 0.6337419843336E-003  0.6272097663251E-003 -0.2267851257954E-002
-0.1182257357460E-002 -0.1042891626884E-003  0.2383155274110E-002
! 0 Step
          12
! 1 Hamiltonian (MCH) in a.u.
-0.7796215820312E+002  0.0000000000000E+000     0.0000000000000E+000  0.0000000000000E+000     0.0000000000000E+000  0.0000000000000E+000
 0.0000000000000E+000  0.0000000000000E+000    -0.7770392608643E+002  0.0000000000000E+000     0.0000000000000E+000  0.0000000000000E+000
 0.0000000000000E+000  0.0000000000000E+000     0.0000000000000E+000  0.0000000000000E+000    -0.7763540649414E+002  0.0000000000000E+000
! 2 U matrix
 0.1000000000000E+001  0.0000000000000E+000     0.0000000000000E+000  0.0000000000000E+000     0.0000000000000E+000  0.0000000000000E+000
 0.0000000000000E+000  0.0000000000000E+000     0.1000000000000E+001  0.0000000000000E+000     0.0000000000000E+000  0.0000000000000E+000
 0.0000000000000E+000  0.0000000000000E+000     0.0000000000000E+000  0.0000000000000E+000     0.1000000000000E+001  0.0000000000000E+000
! 3 Dipole moments X (MCH) in a.u.
-0.1230000000000E+003  0.0000000000000E+000    -0.1230000000000E+003  0.0000000000000E+000    -0.1230000000000E+003  0.0000000000000E+000
-0.1230000000000E+003  0.0000000000000E+000    -0.1230000000000E+003  0.0000000000000E+000    -0.1230000000000E+003  0.0000000000000E+000
-0.1230000000000E+003  0.0000000000000E+000    -0.1230000000000E+003  0.0000000000000E+000    -0.1230000000000E+003  0.0000000000000E+000
! 3 Dipole moments Y (MCH) in a.u.
-0.1230000000000E+003  0.0000000000000E+000    -0.1230000000000E+003  0.0000000000000E+000    -0.1230000000000E+003  0.0000000000000E+000
-0.1230000000000E+003  0.0000000000000E+000    -0.1230000000000E+003  0.0000000000000E+000    -0.1230000000000E+003  0.0000000000000E+000
-0.1230000000000E+003  0.0000000000000E+000    -0.1230000000000E+003  0.0000000000000E+000    -0.1230000000000E+003  0.0000000000000E+000
! 3 Dipole moments Z (MCH) in a.u.
-0.1230000000000E+003  0.0000000000000E+000    -0.1230000000000E+003  0.0000000000000E+000    -0.1230000000000E+003  0.0000000000000E+000
-0.1230000000000E+003  0.0000000000000E+000    -0.1230000000000E+003  0.0000000000000E+000    -0.1230000000000E+003  0.0000000000000E+000
-0.1230000000000E+003  0.0000000000000E+000    -0.1230000000000E+003  0.0000000000000E+000    -0.1230000000000E+003  0.0000000000000E+000
! 5 Coefficients (diag)
 0.0000000000000E+000  0.0000000000000E+000
-0.9600233052957E+000  0.2799200837546E+000
 0.0000000000000E+000  0.0000000000000E+000
! 6 Hopping Probabilities (diag)
 0.0000000000000E+000
 0.0000000000000E+000
 0.0000000000000E+000
! 7 Ekin (a.u.)
 0.4688029736162E-001
! 8 states (diag, MCH)
           2            2
! 9 Random number
 0.2147309228291E+000
! 10 Runtime (sec)
           2
! 11 Geometry in a.u.
-0.8800527991019E-002 -0.9991837223640E-001 -0.1620896850140E-001
 0.2534002285003E+001  0.8963556881522E-001  0.1457888426303E-001
-0.1195180742495E+001  0.1535586454709E+001 -0.4410227588742E+000
 0.3587173653298E+001  0.2159742498997E+001  0.4614880267615E+000
 0.3730317774741E+001 -0.1562130402689E+001 -0.5908600410993E+000
-0.8743754679096E+000 -0.2010552498983E+001  0.5898436099669E+000
! 12 Velocities in a.u.
-0.1396231866727E-003  0.3901605907612E-004  0.1592157863398E-003
 0.7741720724045E-004 -0.1439573505268E-003 -0.1862157800026E-003
-0.5093976126425E-003 -0.1022436460230E-002 -0.3570806441989E-002
 0.1817289773309E-002  0.1493463753561E-002  0.3729476073422E-002
 0.7066266963581E-003  0.7303828233608E-003 -0.2523822397617E-002
-0.1273292603457E-002  0.4903619282885E-004  0.2686875941626E-002
! 0 Step
          13
! 1 Hamiltonian (MCH) in a.u.
-0.7795393371582E+002  0.0000000000000E+000     0.0000000000000E+000  0.0000000000000E+000     0.0000000000000E+000  0.0000000000000E+000
 0.0000000000000E+000  0.0000000000000E+000    -0.7771105194092E+002  0.0000000000000E+000     0.0000000000000E+000  0.0000000000000E+000
 0.0000000000000E+000  0.0000000000000E+000     0.0000000000000E+000  0.0000000000000E+000    -0.7765042877197E+002  0.0000000000000E+000
! 2 U matrix
 0.1000000000000E+001  0.0000000000000E+000     0.0000000000000E+000  0.0000000000000E+000     0.0000000000000E+000  0.0000000000000E+000
 0.0000000000000E+000  0.0000000000000E+000     0.1000000000000E+001  0.0000000000000E+000     0.0000000000000E+000  0.0000000000000E+000
 0.0000000000000E+000  0.0000000000000E+000     0.0000000000000E+000  0.0000000000000E+000     0.1000000000000E+001  0.0000000000000E+000
! 3 Dipole moments X (MCH) in a.u.
-0.1230000000000E+003  0.0000000000000E+000    -0.1230000000000E+003  0.0000000000000E+000    -0.1230000000000E+003  0.0000000000000E+000
-0.1230000000000E+003  0.0000000000000E+000    -0.1230000000000E+003  0.0000000000000E+000    -0.1230000000000E+003  0.0000000000000E+000
-0.1230000000000E+003  0.0000000000000E+000    -0.1230000000000E+003  0.0000000000000E+000    -0.1230000000000E+003  0.0000000000000E+000
! 3 Dipole moments Y (MCH) in a.u.
-0.1230000000000E+003  0.0000000000000E+000    -0.1230000000000E+003  0.0000000000000E+000    -0.1230000000000E+003  0.0000000000000E+000
-0.1230000000000E+003  0.0000000000000E+000    -0.1230000000000E+003  0.0000000000000E+000    -0.1230000000000E+003  0.0000000000000E+000
-0.1230000000000E+003  0.0000000000000E+000    -0.1230000000000E+003  0.0000000000000E+000    -0.1230000000000E+003  0.0000000000000E+000
! 3 Dipole moments Z (MCH) in a.u.
-0.1230000000000E+003  0.0000000000000E+000    -0.1230000000000E+003  0.0000000000000E+000    -0.1230000000000E+003  0.0000000000000E+000
-0.1230000000000E+003  0.0000000000000E+000    -0.1230000000000E+003  0.0000000000000E+000    -0.1230000000000E+003  0.0000000000000E+000
-0.1230000000000E+003  0.0000000000000E+000    -0.1230000000000E+003  0.0000000000000E+000    -0.1230000000000E+003  0.0000000000000E+000
! 5 Coefficients (diag)
 0.0000000000000E+000  0.0000000000000E+000
 0.8065248076274E+000  0.5912002492232E+000
 0.0000000000000E+000  0.0000000000000E+000
! 6 Hopping Probabilities (diag)
 0.0000000000000E+000
 0.0000000000000E+000
 0.0000000000000E+000
! 7 Ekin (a.u.)
 0.5397345362146E-001
! 8 states (diag, MCH)
           2            2
! 9 Random number
 0.5081202118624E+000
! 10 Runtime (sec)
           3
! 11 Geometry in a.u.
-0.1156745734507E-001 -0.9925424153367E-001 -0.1278882821087E-001
 0.2535583685628E+001  0.8685232363331E-001  0.1056178592774E-001
-0.1206775394548E+001  0.1513852828990E+001 -0.5183819913436E+000
 0.3624775889395E+001  0.2187755801069E+001  0.5420164038378E+000
 0.3745693125109E+001 -0.1545908967532E+001 -0.6455339070723E+000
-0.9016320268774E+000 -0.2007802931709E+001  0.6484614907705E+000
! 12 Velocities in a.u.
-0.1254874110764E-003  0.2405773473138E-004  0.1713366164718E-003
 0.7303846527289E-004 -0.1240667614126E-003 -0.2026508386634E-003
-0.6145544884841E-003 -0.1085148279626E-002 -0.3897321271505E-002
 0.1820616149102E-002  0.1199402090073E-002  0.4044826457123E-002
 0.7814728929745E-003  0.8462860732598E-003 -0.2746062079970E-002
-0.1362569939639E-002  0.2311351349515E-003  0.2971687013108E-002
! 0 Step
          14
! 1 Hamiltonian (MCH) in a.u.
-0.7794416809082E+002  0.0000000000000E+000     0.0000000000000E+000  0.0000000000000E+000     0.0000000000000E+000  0.0000000000000E+000
 0.0000000000000E+000  0.0000000000000E+000    -0.7771800231934E+002  0.0000000000000E+000     0.0000000000000E+000  0.0000000000000E+000
 0.0000000000000E+000  0.0000000000000E+000     0.0000000000000E+000  0.0000000000000E+000    -0.7766604614258E+002  0.0000000000000E+000
! 2 U matrix
 0.1000000000000E+001  0.0000000000000E+000     0.0000000000000E+000  0.0000000000000E+000     0.0000000000000E+000  0.0000000000000E+000
 0.0000000000000E+000  0.0000000000000E+000     0.1000000000000E+001  0.0000000000000E+000     0.0000000000000E+000  0.0000000000000E+000
 0.0000000000000E+000  0.0000000000000E+000     0.0000000000000E+000  0.0000000000000E+000     0.1000000000000E+001  0.0000000000000E+000
! 3 Dipole moments X (MCH) in a.u.
-0.1230000000000E+003  0.0000000000000E+000    -0.1230000000000E+003  0.0000000000000E+000    -0.1230000000000E+003  0.0000000000000E+000
-0.1230000000000E+003  0.0000000000000E+000    -0.1230000000000E+003  0.0000000000000E+000    -0.1230000000000E+003  0.0000000000000E+000
-0.1230000000000E+003  0.0000000000000E+000    -0.1230000000000E+003  0.0000000000000E+000    -0.1230000000000E+003  0.0000000000000E+000
! 3 Dipole moments Y (MCH) in a.u.
-0.1230000000000E+003  0.0000000000000E+000    -0.1230000000000E+003  0.0000000000000E+000    -0.1230000000000E+003  0.0000000000000E+000
-0.1230000000000E+003  0.0000000000000E+000    -0.1230000000000E+003  0.0000000000000E+000    -0.1230000000000E+003  0.0000000000000E+000
-0.1230000000000E+003  0.0000000000000E+000    -0.1230000000000E+003  0.0000000000000E+000    -0.1230000000000E+003  0.0000000000000E+000
! 3 Dipole moments Z (MCH) in a.u.
-0.1230000000000E+003  0.0000000000000E+000    -0.1230000000000E+003  0.0000000000000E+000    -0.1230000000000E+003  0.0000000000000E+000
-0.1230000000000E+003  0.0000000000000E+000    -0.1230000000000E+003  0.0000000000000E+000    -0.1230000000000E+003  0.0000000000000E+000
-0.1230000000000E+003  0.0000000000000E+000    -0.1230000000000E+003  0.0000000000000E+000    -0.1230000000000E+003  0.0000000000000E+000
! 5 Coefficients (diag)
 0.0000000000000E+000  0.0000000000000E+000
 0.1231040301973E+000 -0.9923937715187E+000
 0.0000000000000E+000  0.0000000000000E+000
! 6 Hopping Probabilities (diag)
 0.0000000000000E+000
 0.0000000000000E+000
 0.0000000000000E+000
! 7 Ekin (a.u.)
 0.6089610993617E-001
! 8 states (diag, MCH)
           2            2
! 9 Random number
 0.1236171438851E+000
! 10 Runtime (sec)
           3
! 11 Geometry in a.u.
-0.1398834990119E-001 -0.9892379244327E-001 -0.9125677473854E-002
 0.2537021795464E+001  0.8450647851318E-001  0.6201020285157E-002
-0.1220587269038E+001  0.1490724934557E+001 -0.6021433725666E+000
 0.3662440425218E+001  0.2209327428582E+001  0.6287067074014E+000
 0.3762624937360E+001 -0.1527143774186E+001 -0.7043860187489E+000
-0.9307059804795E+000 -0.2000997055078E+001  0.7126972322112E+000
! 12 Velocities in a.u.
-0.1064217363511E-003  0.7152678988330E-005  0.1825599055982E-003
 0.6401728110509E-004 -0.1013629644789E-003 -0.2190225996229E-003
-0.7216188691107E-003 -0.1159810553584E-002 -0.4184699758705E-002
 0.1819034445678E-002  0.8648196092128E-003  0.4317915919192E-002
 0.8557348850162E-003  0.9774702838847E-003 -0.2923862260835E-002
-0.1447872718190E-002  0.4400997502939E-003  0.3225123718456E-002
! 0 Step
          15
! 1 Hamiltonian (MCH) in a.u.
-0.7793269348145E+002  0.0000000000000E+000     0.0000000000000E+000  0.0000000000000E+000     0.0000000000000E+000  0.0000000000000E+000
 0.0000000000000E+000  0.0000000000000E+000    -0.7772437286377E+002  0.0000000000000E+000     0.0000000000000E+000  0.0000000000000E+000
 0.0000000000000E+000  0.0000000000000E+000     0.0000000000000E+000  0.0000000000000E+000    -0.7768174743652E+002  0.0000000000000E+000
! 2 U matrix
 0.1000000000000E+001  0.0000000000000E+000     0.0000000000000E+000  0.0000000000000E+000     0.0000000000000E+000  0.0000000000000E+000
 0.0000000000000E+000  0.0000000000000E+000     0.1000000000000E+001  0.0000000000000E+000     0.0000000000000E+000  0.0000000000000E+000
 0.0000000000000E+000  0.0000000000000E+000     0.0000000000000E+000  0.0000000000000E+000     0.1000000000000E+001  0.0000000000000E+000
! 3 Dipole moments X (MCH) in a.u.
-0.1230000000000E+003  0.0000000000000E+000    -0.1230000000000E+003  0.0000000000000E+000    -0.1230000000000E+003  0.0000000000000E+000
-0.1230000000000E+003  0.0000000000000E+000    -0.1230000000000E+003  0.0000000000000E+000    -0.1230000000000E+003  0.0000000000000E+000
-0.1230000000000E+003  0.0000000000000E+000    -0.1230000000000E+003  0.0000000000000E+000    -0.1230000000000E+003  0.0000000000000E+000
! 3 Dipole moments Y (MCH) in a.u.
-0.1230000000000E+003  0.0000000000000E+000    -0.1230000000000E+003  0.0000000000000E+000    -0.1230000000000E+003  0.0000000000000E+000
-0.1230000000000E+003  0.0000000000000E+000    -0.1230000000000E+003  0.0000000000000E+000    -0.1230000000000E+003  0.0000000000000E+000
-0.1230000000000E+003  0.0000000000000E+000    -0.1230000000000E+003  0.0000000000000E+000    -0.1230000000000E+003  0.0000000000000E+000
! 3 Dipole moments Z (MCH) in a.u.
-0.1230000000000E+003  0.0000000000000E+000    -0.1230000000000E+003  0.0000000000000E+000    -0.1230000000000E+003  0.0000000000000E+000
-0.1230000000000E+003  0.0000000000000E+000    -0.1230000000000E+003  0.0000000000000E+000    -0.1230000000000E+003  0.0000000000000E+000
-0.1230000000000E+003  0.0000000000000E+000    -0.1230000000000E+003  0.0000000000000E+000    -0.1230000000000E+003  0.0000000000000E+000
! 5 Coefficients (diag)
 0.0000000000000E+000  0.0000000000000E+000
-0.9693376533486E+000  0.2457326063035E+000
 0.0000000000000E+000  0.0000000000000E+000
! 6 Hopping Probabilities (diag)
 0.0000000000000E+000
 0.0000000000000E+000
 0.0000000000000E+000
! 7 Ekin (a.u.)
 0.6724890269696E-001
! 8 states (diag, MCH)
           2            2
! 9 Random number
 0.9763245262110E+000
! 10 Runtime (sec)
           3
! 11 Geometry in a.u.
-0.1596707807853E-001 -0.9895853996127E-001 -0.5241550997500E-002
 0.2538230247946E+001  0.8266183947643E-001  0.1507090867882E-002
-0.1236608109622E+001  0.1465904667896E+001 -0.6913832263639E+000
 0.3699977271523E+001  0.2223508631401E+001  0.7205249778830E+000
 0.3781070380466E+001 -0.1505499003602E+001 -0.7664103883782E+000
-0.9614890734619E+000 -0.1989608603627E+001  0.7817925344674E+000
! 12 Velocities in a.u.
-0.8341057583858E-004 -0.1075458625532E-004  0.1925663274111E-003
 0.5183536636131E-004 -0.7527378420388E-004 -0.2342979140902E-003
-0.8256564254987E-003 -0.1252634715899E-002 -0.4424283897708E-002
 0.1802792261193E-002  0.4778282125378E-003  0.4534432542389E-002
 0.9262482336558E-003  0.1126437982034E-002 -0.3051860177739E-002
-0.1527144072470E-002  0.6734545635129E-003  0.3438971572030E-002
! 0 Step
          16
! 1 Hamiltonian (MCH) in a.u.
-0.7791989135742E+002  0.0000000000000E+000     0.0000000000000E+000  0.0000000000000E+000     0.0000000000000E+000  0.0000000000000E+000
 0.0000000000000E+000  0.0000000000000E+000    -0.7772998046875E+002  0.0000000000000E+000     0.0000000000000E+000  0.0000000000000E+000
 0.0000000000000E+000  0.0000000000000E+000     0.0000000000000E+000  0.0000000000000E+000    -0.7769669342041E+002  0.0000000000000E+000
! 2 U matrix
 0.1000000000000E+001  0.0000000000000E+000     0.0000000000000E+000  0.0000000000000E+000     0.0000000000000E+000  0.0000000000000E+000
 0.0000000000000E+000  0.0000000000000E+000     0.1000000000000E+001  0.0000000000000E+000     0.0000000000000E+000  0.0000000000000E+000
 0.0000000000000E+000  0.0000000000000E+000     0.0000000000000E+000  0.0000000000000E+000     0.1000000000000E+001  0.0000000000000E+000
! 3 Dipole moments X (MCH) in a.u.
-0.1230000000000E+003  0.0000000000000E+000    -0.1230000000000E+003  0.0000000000000E+000    -0.1230000000000E+003  0.0000000000000E+000
-0.1230000000000E+003  0.0000000000000E+000    -0.1230000000000E+003  0.0000000000000E+000    -0.1230000000000E+003  0.0000000000000E+000
-0.1230000000000E+003  0.0000000000000E+000    -0.1230000000000E+003  0.0000000000000E+000    -0.1230000000000E+003  0.0000000000000E+000
! 3 Dipole moments Y (MCH) in a.u.
-0.1230000000000E+003  0.0000000000000E+000    -0.1230000000000E+003  0.0000000000000E+000    -0.1230000000000E+003  0.0000000000000E+000
-0.1230000000000E+003  0.0000000000000E+000    -0.1230000000000E+003  0.0000000000000E+000    -0.1230000000000E+003  0.0000000000000E+000
-0.1230000000000E+003  0.0000000000000E+000    -0.1230000000000E+003  0.0000000000000E+000    -0.1230000000000E+003  0.0000000000000E+000
! 3 Dipole moments Z (MCH) in a.u.
-0.1230000000000E+003  0.0000000000000E+000    -0.1230000000000E+003  0.0000000000000E+000    -0.1230000000000E+003  0.0000000000000E+000
-0.1230000000000E+003  0.0000000000000E+000    -0.1230000000000E+003  0.0000000000000E+000    -0.1230000000000E+003  0.0000000000000E+000
-0.1230000000000E+003  0.0000000000000E+000    -0.1230000000000E+003  0.0000000000000E+000    -0.1230000000000E+003  0.0000000000000E+000
! 5 Coefficients (diag)
 0.4040908328800E-005 -0.8623769978380E-004
 0.4759943208429E+000  0.8789067736876E+000
 0.2092590441258E-001  0.2268014027038E-001
! 6 Hopping Probabilities (diag)
 0.3900142171295E-007
 0.0000000000000E+000
 0.1272750553078E-002
! 7 Ekin (a.u.)
 0.7288442568855E-001
! 8 states (diag, MCH)
           2            2
! 9 Random number
 0.3099185511354E+000
! 10 Runtime (sec)
           2
! 11 Geometry in a.u.
-0.1743665765704E-001 -0.9936840180871E-001 -0.1164721040567E-002
 0.2539164740696E+001  0.8139455689805E-001 -0.3485177252899E-002
-0.1254721039572E+001  0.1438939295115E+001 -0.7850493449226E+000
 0.3736970333134E+001  0.2229081503106E+001  0.8161663759995E+000
 0.3800917311389E+001 -0.1480575281032E+001 -0.8305541097236E+000
-0.9938402137161E+000 -0.1973155518544E+001  0.8548690398596E+000
! 12 Velocities in a.u.
-0.5861428034781E-004 -0.2872839365807E-004  0.2011657377787E-003
 0.3939439133320E-004 -0.4523997190014E-004 -0.2472822883217E-003
-0.9207170946634E-003 -0.1373841182592E-002 -0.4614609908272E-002
 0.1760078731884E-002  0.2419956782214E-004  0.4685315330628E-002
 0.9883209597949E-003  0.1298409716219E-002 -0.3132803172104E-002
-0.1598664577078E-002  0.9326147785242E-003  0.3611607575554E-002
! 0 Step
          17
! 1 Hamiltonian (MCH) in a.u.
-0.7790605163574E+002  0.0000000000000E+000     0.0000000000000E+000  0.0000000000000E+000     0.0000000000000E+000  0.0000000000000E+000
 0.0000000000000E+000  0.0000000000000E+000    -0.7773514556885E+002  0.0000000000000E+000     0.0000000000000E+000  0.0000000000000E+000
 0.0000000000000E+000  0.0000000000000E+000     0.0000000000000E+000  0.0000000000000E+000    -0.7770983123779E+002  0.0000000000000E+000
! 2 U matrix
 0.1000000000000E+001  0.0000000000000E+000     0.0000000000000E+000  0.0000000000000E+000     0.0000000000000E+000  0.0000000000000E+000
 0.0000000000000E+000  0.0000000000000E+000     0.1000000000000E+001  0.0000000000000E+000     0.0000000000000E+000  0.0000000000000E+000
 0.0000000000000E+000  0.0000000000000E+000     0.0000000000000E+000  0.0000000000000E+000     0.1000000000000E+001  0.0000000000000E+000
! 3 Dipole moments X (MCH) in a.u.
-0.1230000000000E+003  0.0000000000000E+000    -0.1230000000000E+003  0.0000000000000E+000    -0.1230000000000E+003  0.0000000000000E+000
-0.1230000000000E+003  0.0000000000000E+000    -0.1230000000000E+003  0.0000000000000E+000    -0.1230000000000E+003  0.0000000000000E+000
-0.1230000000000E+003  0.0000000000000E+000    -0.1230000000000E+003  0.0000000000000E+000    -0.1230000000000E+003  0.0000000000000E+000
! 3 Dipole moments Y (MCH) in a.u.
-0.1230000000000E+003  0.0000000000000E+000    -0.1230000000000E+003  0.0000000000000E+000    -0.1230000000000E+003  0.0000000000000E+000
-0.1230000000000E+003  0.0000000000000E+000    -0.1230000000000E+003  0.0000000000000E+000    -0.1230000000000E+003  0.0000000000000E+000
-0.1230000000000E+003  0.0000000000000E+000    -0.1230000000000E+003  0.0000000000000E+000    -0.1230000000000E+003  0.0000000000000E+000
! 3 Dipole moments Z (MCH) in a.u.
-0.1230000000000E+003  0.0000000000000E+000    -0.1230000000000E+003  0.0000000000000E+000    -0.1230000000000E+003  0.0000000000000E+000
-0.1230000000000E+003  0.0000000000000E+000    -0.1230000000000E+003  0.0000000000000E+000    -0.1230000000000E+003  0.0000000000000E+000
-0.1230000000000E+003  0.0000000000000E+000    -0.1230000000000E+003  0.0000000000000E+000    -0.1230000000000E+003  0.0000000000000E+000
! 5 Coefficients (diag)
-0.9311009228574E-003 -0.1136741259451E-003
 0.8014193102626E+000 -0.5843042340092E+000
 0.6870344109383E-001 -0.1076782641407E+000
! 6 Hopping Probabilities (diag)
 0.3870111597864E-005
 0.0000000000000E+000
 0.1958945629014E-001
! 7 Ekin (a.u.)
 0.7810334022871E-001
! 8 states (diag, MCH)
           2            2
! 9 Random number
 0.4799634465667E+000
! 10 Runtime (sec)
           3
! 11 Geometry in a.u.
-0.1839027292517E-001 -0.1001462112088E+000  0.3074916870258E-002
 0.2539858866185E+001  0.8079155690843E-001 -0.8715898532801E-002
-0.1274671818768E+001  0.1409108186663E+001 -0.8821575373780E+000
 0.3772741343477E+001  0.2224509074769E+001  0.9142223481595E+000
 0.3821928926240E+001 -0.1451820962782E+001 -0.8959247739018E+000
-0.1027580062581E+001 -0.1951053027890E+001  0.9311013515885E+000
! 12 Velocities in a.u.
-0.3477361748404E-004 -0.4606898401078E-004  0.2083875768585E-003
 0.3043607183269E-004 -0.1091744182610E-004 -0.2570020926213E-003
-0.9984099540818E-003 -0.1539548770887E-002 -0.4763413972356E-002
 0.1677612526843E-002 -0.5106154400661E-003  0.4771641501782E-002
 0.1032598127666E-002  0.1502595244576E-002 -0.3179059323674E-002
-0.1660115860983E-002  0.1226600578500E-002  0.3750106559474E-002
! 0 Step
          18
! 1 Hamiltonian (MCH) in a.u.
-0.7789083099365E+002  0.0000000000000E+000     0.0000000000000E+000  0.0000000000000E+000     0.0000000000000E+000  0.0000000000000E+000
 0.0000000000000E+000  0.0000000000000E+000    -0.7774077606201E+002  0.0000000000000E+000     0.0000000000000E+000  0.0000000000000E+000
 0.0000000000000E+000  0.0000000000000E+000     0.0000000000000E+000  0.0000000000000E+000    -0.7772081756592E+002  0.0000000000000E+000
! 2 U matrix
 0.1000000000000E+001  0.0000000000000E+000     0.0000000000000E+000  0.0000000000000E+000     0.0000000000000E+000  0.0000000000000E+000
 0.0000000000000E+000  0.0000000000000E+000     0.1000000000000E+001  0.0000000000000E+000     0.0000000000000E+000  0.0000000000000E+000
 0.0000000000000E+000  0.0000000000000E+000     0.0000000000000E+000  0.0000000000000E+000     0.1000000000000E+001  0.0000000000000E+000
! 3 Dipole moments X (MCH) in a.u.
-0.1230000000000E+003  0.0000000000000E+000    -0.1230000000000E+003  0.0000000000000E+000    -0.1230000000000E+003  0.0000000000000E+000
-0.1230000000000E+003  0.0000000000000E+000    -0.1230000000000E+003  0.0000000000000E+000    -0.1230000000000E+003  0.0000000000000E+000
-0.1230000000000E+003  0.0000000000000E+000    -0.1230000000000E+003  0.0000000000000E+000    -0.1230000000000E+003  0.0000000000000E+000
! 3 Dipole moments Y (MCH) in a.u.
-0.1230000000000E+003  0.0000000000000E+000    -0.1230000000000E+003  0.0000000000000E+000    -0.1230000000000E+003  0.0000000000000E+000
-0.1230000000000E+003  0.0000000000000E+000    -0.1230000000000E+003  0.0000000000000E+000    -0.1230000000000E+003  0.0000000000000E+000
-0.1230000000000E+003  0.0000000000000E+000    -0.1230000000000E+003  0.0000000000000E+000    -0.1230000000000E+003  0.0000000000000E+000
! 3 Dipole moments Z (MCH) in a.u.
-0.1230000000000E+003  0.0000000000000E+000    -0.1230000000000E+003  0.0000000000000E+000    -0.1230000000000E+003  0.0000000000000E+000
-0.1230000000000E+003  0.0000000000000E+000    -0.1230000000000E+003  0.0000000000000E+000    -0.1230000000000E+003  0.0000000000000E+000
-0.1230000000000E+003  0.0000000000000E+000    -0.1230000000000E+003  0.0000000000000E+000    -0.1230000000000E+003  0.0000000000000E+000
! 5 Coefficients (diag)
-0.8726610547155E-003  0.1909286222095E-002
-0.5725420374777E+000 -0.7732337555653E+000
-0.2449745599089E+000 -0.1195333955913E+000
! 6 Hopping Probabilities (diag)
 0.1420132432126E-004
 0.0000000000000E+000
 0.7459426403012E-001
! 7 Ekin (a.u.)
 0.8390375932159E-001
! 8 states (diag, MCH)
           2            2
! 9 Random number
 0.2093493762828E+000
! 10 Runtime (sec)
           3
! 11 Geometry in a.u.
-0.1887424675966E-001 -0.1012729568759E+000  0.7450307572754E-002
 0.2540423009705E+001  0.8094321485965E-001 -0.1410999671188E-001
-0.1295996678225E+001  0.1375292234610E+001 -0.9819754203038E+000
 0.3806325138918E+001  0.2207971959568E+001  0.1013432588746E+001
 0.3843606336090E+001 -0.1418455930054E+001 -0.9619807880783E+000
-0.1062471683305E+001 -0.1922446166095E+001  0.1009903595181E+001
! 12 Velocities in a.u.
-0.1447305551550E-004 -0.6253839875409E-004  0.2144046590691E-003
 0.2907186931567E-004  0.2758464100360E-004 -0.2632569342396E-003
-0.1044295057013E-002 -0.1779713929475E-002 -0.4887746914689E-002
 0.1540099270932E-002 -0.1142554455889E-002  0.4811560794890E-002
 0.1038019790835E-002  0.1757751666060E-002 -0.3213945581900E-002
-0.1707778683002E-002  0.1581014248824E-002  0.3872239522804E-002
! 0 Step
          19
! 1 Hamiltonian (MCH) in a.u.
-0.7787467193604E+002  0.0000000000000E+000     0.0000000000000E+000  0.0000000000000E+000     0.0000000000000E+000  0.0000000000000E+000
 0.0000000000000E+000  0.0000000000000E+000    -0.7774783325195E+002  0.0000000000000E+000     0.0000000000000E+000  0.0000000000000E+000
 0.0000000000000E+000  0.0000000000000E+000     0.0000000000000E+000  0.0000000000000E+000    -0.7772992706299E+002  0.0000000000000E+000
! 2 U matrix
 0.1000000000000E+001  0.0000000000000E+000     0.0000000000000E+000  0.0000000000000E+000     0.0000000000000E+000  0.0000000000000E+000
 0.0000000000000E+000  0.0000000000000E+000     0.1000000000000E+001  0.0000000000000E+000     0.0000000000000E+000  0.0000000000000E+000
 0.0000000000000E+000  0.0000000000000E+000     0.0000000000000E+000  0.0000000000000E+000     0.1000000000000E+001  0.0000000000000E+000
! 3 Dipole moments X (MCH) in a.u.
-0.1230000000000E+003  0.0000000000000E+000    -0.1230000000000E+003  0.0000000000000E+000    -0.1230000000000E+003  0.0000000000000E+000
-0.1230000000000E+003  0.0000000000000E+000    -0.1230000000000E+003  0.0000000000000E+000    -0.1230000000000E+003  0.0000000000000E+000
-0.1230000000000E+003  0.0000000000000E+000    -0.1230000000000E+003  0.0000000000000E+000    -0.1230000000000E+003  0.0000000000000E+000
! 3 Dipole moments Y (MCH) in a.u.
-0.1230000000000E+003  0.0000000000000E+000    -0.1230000000000E+003  0.0000000000000E+000    -0.1230000000000E+003  0.0000000000000E+000
-0.1230000000000E+003  0.0000000000000E+000    -0.1230000000000E+003  0.0000000000000E+000    -0.1230000000000E+003  0.0000000000000E+000
-0.1230000000000E+003  0.0000000000000E+000    -0.1230000000000E+003  0.0000000000000E+000    -0.1230000000000E+003  0.0000000000000E+000
! 3 Dipole moments Z (MCH) in a.u.
-0.1230000000000E+003  0.0000000000000E+000    -0.1230000000000E+003  0.0000000000000E+000    -0.1230000000000E+003  0.0000000000000E+000
-0.1230000000000E+003  0.0000000000000E+000    -0.1230000000000E+003  0.0000000000000E+000    -0.1230000000000E+003  0.0000000000000E+000
-0.1230000000000E+003  0.0000000000000E+000    -0.1230000000000E+003  0.0000000000000E+000    -0.1230000000000E+003  0.0000000000000E+000
! 5 Coefficients (diag)
 0.4196012719973E-002  0.3377229636459E-003
-0.8049082278017E+000  0.4231089599412E+000
-0.1891024871669E+000  0.3705726401157E+000
! 6 Hopping Probabilities (diag)
 0.4203002904444E-004
 0.0000000000000E+000
 0.1427494157857E+000
! 7 Ekin (a.u.)
 0.9081659255861E-001
! 8 states (diag, MCH)
           2            2
! 9 Random number
 0.2526281596020E+000
! 10 Runtime (sec)
           2
! 11 Geometry in a.u.
-0.1898860891653E-001 -0.1027316344995E+000  0.1193869992563E-001
 0.2541060737188E+001  0.8193194385048E-001 -0.1959930173428E-001
-0.1317844410593E+001  0.1335532368675E+001 -0.1084223707346E+001
 0.3836411162410E+001  0.2177274304452E+001  0.1113138879306E+001
 0.3864842089942E+001 -0.1379153094925E+001 -0.1028793698082E+001
-0.1098181978688E+001 -0.1885691727581E+001  0.1091185051344E+001
! 12 Velocities in a.u.
 0.4613840953337E-005 -0.7772195397551E-004  0.2179339922001E-003
 0.3354770844249E-004  0.6841947493087E-004 -0.2659193642077E-003
-0.1049072108198E-002 -0.2101452616026E-002 -0.4977005308565E-002
 0.1346414207168E-002 -0.1851328741319E-002  0.4810502201082E-002
 0.9916100388322E-003  0.2064647579366E-002 -0.3241693497822E-002
-0.1743672715335E-002  0.1998978996331E-002  0.3979974678949E-002
! 0 Step
          20
! 1 Hamiltonian (MCH) in a.u.
-0.7786056518555E+002  0.0000000000000E+000     0.0000000000000E+000  0.0000000000000E+000     0.0000000000000E+000  0.0000000000000E+000
 0.0000000000000E+000  0.0000000000000E+000    -0.7775527191162E+002  0.0000000000000E+000     0.0000000000000E+000  0.0000000000000E+000
 0.0000000000000E+000  0.0000000000000E+000     0.0000000000000E+000  0.0000000000000E+000    -0.7773668670654E+002  0.0000000000000E+000
! 2 U matrix
 0.1000000000000E+001  0.0000000000000E+000     0.0000000000000E+000  0.0000000000000E+000     0.0000000000000E+000  0.0000000000000E+000
 0.0000000000000E+000  0.0000000000000E+000     0.1000000000000E+001  0.0000000000000E+000     0.0000000000000E+000  0.0000000000000E+000
 0.0000000000000E+000  0.0000000000000E+000     0.0000000000000E+000  0.0000000000000E+000     0.1000000000000E+001  0.0000000000000E+000
! 3 Dipole moments X (MCH) in a.u.
-0.1230000000000E+003  0.0000000000000E+000    -0.1230000000000E+003  0.0000000000000E+000    -0.1230000000000E+003  0.0000000000000E+000
-0.1230000000000E+003  0.0000000000000E+000    -0.1230000000000E+003  0.0000000000000E+000    -0.1230000000000E+003  0.0000000000000E+000
-0.1230000000000E+003  0.0000000000000E+000    -0.1230000000000E+003  0.0000000000000E+000    -0.1230000000000E+003  0.0000000000000E+000
! 3 Dipole moments Y (MCH) in a.u.
-0.1230000000000E+003  0.0000000000000E+000    -0.1230000000000E+003  0.0000000000000E+000    -0.1230000000000E+003  0.0000000000000E+000
-0.1230000000000E+003  0.0000000000000E+000    -0.1230000000000E+003  0.0000000000000E+000    -0.1230000000000E+003  0.0000000000000E+000
-0.1230000000000E+003  0.0000000000000E+000    -0.1230000000000E+003  0.0000000000000E+000    -0.1230000000000E+003  0.0000000000000E+000
! 3 Dipole moments Z (MCH) in a.u.
-0.1230000000000E+003  0.0000000000000E+000    -0.1230000000000E+003  0.0000000000000E+000    -0.1230000000000E+003  0.0000000000000E+000
-0.1230000000000E+003  0.0000000000000E+000    -0.1230000000000E+003  0.0000000000000E+000    -0.1230000000000E+003  0.0000000000000E+000
-0.1230000000000E+003  0.0000000000000E+000    -0.1230000000000E+003  0.0000000000000E+000    -0.1230000000000E+003  0.0000000000000E+000
! 5 Coefficients (diag)
 0.1487283056114E-001 -0.3910943426946E-001
 0.1337545061336E+000  0.8552230769640E+000
 0.4171973931122E+000  0.2736764640225E+000
! 6 Hopping Probabilities (diag)
 0.7077153264247E-002
 0.0000000000000E+000
 0.1539056026590E+000
! 7 Ekin (a.u.)
 0.9796171470485E-001
! 8 states (diag, MCH)
           2            2
! 9 Random number
 0.7379043323277E+000
! 10 Runtime (sec)
           2
! 11 Geometry in a.u.
-0.1868350423830E-001 -0.1044860891915E+000  0.1645999810673E-001
 0.2541809918044E+001  0.8377176991617E-001 -0.2510346842465E-001
-0.1339366759905E+001  0.1288415297464E+001 -0.1187731654856E+001
 0.3861987751320E+001  0.2131435486907E+001  0.1212305356171E+001
 0.3884600856908E+001 -0.1333100563670E+001 -0.1095996849210E+001
-0.1134557508004E+001 -0.1839805629118E+001  0.1174441214248E+001
! 12 Velocities in a.u.
 0.2736204739248E-004 -0.9098288658208E-004  0.2167272799186E-003
 0.3906738339767E-004  0.1091748785520E-003 -0.2639273912797E-003
-0.1017046158332E-002 -0.2466663588806E-002 -0.4991535594019E-002
 0.1101013428993E-002 -0.2582953984234E-002  0.4744200275320E-002
 0.8972372985540E-003  0.2390241056423E-002 -0.3241248493128E-002
-0.1772756030368E-002  0.2442606648787E-002  0.4051004978075E-002
