SHARC_version   4.0
 method           0
 integrator           2
 maxmult           3
 nstates_m    3    0    0
 natom           6
 dtstep   20.670686667591056     
 nsteps          20
 nsubsteps          25
 ezero   0.0000000000000000     
 write_overlap           0
 write_grad           0
 write_nacdr           0
 write_property1d           0
 write_property2d           0
 n_property1d           1
 n_property2d           1
 laser           0
 laser_e F
 laser_b F
 laser_egrad F
 laser_freq_path None
************************************* End of settings *************************************
! Atomic numbers
 0.6000000000000E+001
 0.6000000000000E+001
 0.1000000000000E+001
 0.1000000000000E+001
 0.1000000000000E+001
 0.1000000000000E+001
! Elements
 C 
 C 
 H 
 H 
 H 
 H 
! Atomic masses
 0.2189471361552E+005
 0.2189471361552E+005
 0.1837471594742E+004
 0.1837471594742E+004
 0.1837471594742E+004
 0.1837471594742E+004
********************************* End of header array data ********************************
! 0 Step
           0
! 1 Hamiltonian (MCH) in a.u.
-0.7798431396484E+002  0.0000000000000E+000     0.0000000000000E+000  0.0000000000000E+000     0.0000000000000E+000  0.0000000000000E+000
 0.0000000000000E+000  0.0000000000000E+000    -0.7765702056885E+002  0.0000000000000E+000     0.0000000000000E+000  0.0000000000000E+000
 0.0000000000000E+000  0.0000000000000E+000     0.0000000000000E+000  0.0000000000000E+000    -0.7754712677002E+002  0.0000000000000E+000
! 2 U matrix
 0.1000000000000E+001  0.0000000000000E+000     0.0000000000000E+000  0.0000000000000E+000     0.0000000000000E+000  0.0000000000000E+000
 0.0000000000000E+000  0.0000000000000E+000     0.1000000000000E+001  0.0000000000000E+000     0.0000000000000E+000  0.0000000000000E+000
 0.0000000000000E+000  0.0000000000000E+000     0.0000000000000E+000  0.0000000000000E+000     0.1000000000000E+001  0.0000000000000E+000
! 3 Dipole moments X (MCH) in a.u.
-0.1230000000000E+003  0.0000000000000E+000    -0.1230000000000E+003  0.0000000000000E+000    -0.1230000000000E+003  0.0000000000000E+000
-0.1230000000000E+003  0.0000000000000E+000    -0.1230000000000E+003  0.0000000000000E+000    -0.1230000000000E+003  0.0000000000000E+000
-0.1230000000000E+003  0.0000000000000E+000    -0.1230000000000E+003  0.0000000000000E+000    -0.1230000000000E+003  0.0000000000000E+000
! 3 Dipole moments Y (MCH) in a.u.
-0.1230000000000E+003  0.0000000000000E+000    -0.1230000000000E+003  0.0000000000000E+000    -0.1230000000000E+003  0.0000000000000E+000
-0.1230000000000E+003  0.0000000000000E+000    -0.1230000000000E+003  0.0000000000000E+000    -0.1230000000000E+003  0.0000000000000E+000
-0.1230000000000E+003  0.0000000000000E+000    -0.1230000000000E+003  0.0000000000000E+000    -0.1230000000000E+003  0.0000000000000E+000
! 3 Dipole moments Z (MCH) in a.u.
-0.1230000000000E+003  0.0000000000000E+000    -0.1230000000000E+003  0.0000000000000E+000    -0.1230000000000E+003  0.0000000000000E+000
-0.1230000000000E+003  0.0000000000000E+000    -0.1230000000000E+003  0.0000000000000E+000    -0.1230000000000E+003  0.0000000000000E+000
-0.1230000000000E+003  0.0000000000000E+000    -0.1230000000000E+003  0.0000000000000E+000    -0.1230000000000E+003  0.0000000000000E+000
! 5 Coefficients (diag)
 0.0000000000000E+000  0.0000000000000E+000
 0.1000000000000E+001  0.0000000000000E+000
 0.0000000000000E+000  0.0000000000000E+000
! 6 Hopping Probabilities (diag)
 0.0000000000000E+000
 0.0000000000000E+000
 0.0000000000000E+000
! 7 Ekin (a.u.)
 0.3650732951768E-003
! 8 states (diag, MCH)
           2            2
! 9 Random number
 0.0000000000000E+000
! 10 Runtime (sec)
           3
! 11 Geometry in a.u.
 0.6521920000000E-002 -0.9709113000000E-001 -0.3632297000000E-001
 0.2536280140000E+001  0.1105951100000E+000  0.3916310000000E-001
-0.1160003360000E+001  0.1692652950000E+001 -0.3634283000000E-001
 0.3255390000000E+001  0.1720747060000E+001  0.1943445000000E-001
 0.3647065260000E+001 -0.1645499390000E+001 -0.3238502800000E+000
-0.7042361700000E+000 -0.1928690130000E+001  0.3069418800000E+000
! 12 Velocities in a.u.
 0.0000000000000E+000  0.1250000000000E-003  0.0000000000000E+000
 0.0000000000000E+000 -0.1250000000000E-003  0.0000000000000E+000
 0.5000000000000E-004  0.0000000000000E+000  0.0000000000000E+000
-0.5000000000000E-004  0.0000000000000E+000  0.0000000000000E+000
 0.0000000000000E+000  0.0000000000000E+000  0.1000000000000E-003
 0.0000000000000E+000  0.0000000000000E+000 -0.1000000000000E-003
! 0 Step
           1
! 1 Hamiltonian (MCH) in a.u.
-0.7798475646973E+002  0.0000000000000E+000     0.0000000000000E+000  0.0000000000000E+000     0.0000000000000E+000  0.0000000000000E+000
 0.0000000000000E+000  0.0000000000000E+000    -0.7765768432617E+002  0.0000000000000E+000     0.0000000000000E+000  0.0000000000000E+000
 0.0000000000000E+000  0.0000000000000E+000     0.0000000000000E+000  0.0000000000000E+000    -0.7754775238037E+002  0.0000000000000E+000
! 2 U matrix
 0.1000000000000E+001  0.0000000000000E+000     0.0000000000000E+000  0.0000000000000E+000     0.0000000000000E+000  0.0000000000000E+000
 0.0000000000000E+000  0.0000000000000E+000     0.1000000000000E+001  0.0000000000000E+000     0.0000000000000E+000  0.0000000000000E+000
 0.0000000000000E+000  0.0000000000000E+000     0.0000000000000E+000  0.0000000000000E+000     0.1000000000000E+001  0.0000000000000E+000
! 3 Dipole moments X (MCH) in a.u.
-0.1230000000000E+003  0.0000000000000E+000    -0.1230000000000E+003  0.0000000000000E+000    -0.1230000000000E+003  0.0000000000000E+000
-0.1230000000000E+003  0.0000000000000E+000    -0.1230000000000E+003  0.0000000000000E+000    -0.1230000000000E+003  0.0000000000000E+000
-0.1230000000000E+003  0.0000000000000E+000    -0.1230000000000E+003  0.0000000000000E+000    -0.1230000000000E+003  0.0000000000000E+000
! 3 Dipole moments Y (MCH) in a.u.
-0.1230000000000E+003  0.0000000000000E+000    -0.1230000000000E+003  0.0000000000000E+000    -0.1230000000000E+003  0.0000000000000E+000
-0.1230000000000E+003  0.0000000000000E+000    -0.1230000000000E+003  0.0000000000000E+000    -0.1230000000000E+003  0.0000000000000E+000
-0.1230000000000E+003  0.0000000000000E+000    -0.1230000000000E+003  0.0000000000000E+000    -0.1230000000000E+003  0.0000000000000E+000
! 3 Dipole moments Z (MCH) in a.u.
-0.1230000000000E+003  0.0000000000000E+000    -0.1230000000000E+003  0.0000000000000E+000    -0.1230000000000E+003  0.0000000000000E+000
-0.1230000000000E+003  0.0000000000000E+000    -0.1230000000000E+003  0.0000000000000E+000    -0.1230000000000E+003  0.0000000000000E+000
-0.1230000000000E+003  0.0000000000000E+000    -0.1230000000000E+003  0.0000000000000E+000    -0.1230000000000E+003  0.0000000000000E+000
! 5 Coefficients (diag)
 0.0000000000000E+000  0.0000000000000E+000
-0.9924730163172E+000  0.1224635124529E+000
 0.0000000000000E+000  0.0000000000000E+000
! 6 Hopping Probabilities (diag)
 0.0000000000000E+000
 0.0000000000000E+000
 0.0000000000000E+000
! 7 Ekin (a.u.)
 0.1025075455111E-002
! 8 states (diag, MCH)
           2            2
! 9 Random number
 0.5393910569012E+000
! 10 Runtime (sec)
           2
! 11 Geometry in a.u.
 0.6211076895435E-002 -0.9437360126615E-001 -0.3616888938764E-001
 0.2536368342068E+001  0.1075975388045E+000  0.3895108467638E-001
-0.1158978887018E+001  0.1691386797331E+001 -0.3890220776017E-001
 0.3257841102700E+001  0.1726168760357E+001  0.2244566550402E-001
 0.3647624935676E+001 -0.1645269543956E+001 -0.3232930965790E+000
-0.7056185034630E+000 -0.1929738629453E+001  0.3066231901111E+000
! 12 Velocities in a.u.
-0.3003398991363E-004  0.1374567427414E-003  0.1481026056706E-004
 0.8716017412286E-005 -0.1644551110979E-003 -0.2024277017369E-004
 0.4789241728181E-004 -0.1199620735461E-003 -0.2473379326956E-003
 0.2841785215371E-003  0.5183975402909E-003  0.2901842637491E-003
 0.5447447569643E-004  0.2161343786395E-004 -0.4702755246245E-004
-0.1325273908261E-003 -0.9834516323179E-004  0.6891322768333E-004
! 0 Step
           2
! 1 Hamiltonian (MCH) in a.u.
-0.7798559570312E+002  0.0000000000000E+000     0.0000000000000E+000  0.0000000000000E+000     0.0000000000000E+000  0.0000000000000E+000
 0.0000000000000E+000  0.0000000000000E+000    -0.7765950012207E+002  0.0000000000000E+000     0.0000000000000E+000  0.0000000000000E+000
 0.0000000000000E+000  0.0000000000000E+000     0.0000000000000E+000  0.0000000000000E+000    -0.7754999542236E+002  0.0000000000000E+000
! 2 U matrix
 0.1000000000000E+001  0.0000000000000E+000     0.0000000000000E+000  0.0000000000000E+000     0.0000000000000E+000  0.0000000000000E+000
 0.0000000000000E+000  0.0000000000000E+000     0.1000000000000E+001  0.0000000000000E+000     0.0000000000000E+000  0.0000000000000E+000
 0.0000000000000E+000  0.0000000000000E+000     0.0000000000000E+000  0.0000000000000E+000     0.1000000000000E+001  0.0000000000000E+000
! 3 Dipole moments X (MCH) in a.u.
-0.1230000000000E+003  0.0000000000000E+000    -0.1230000000000E+003  0.0000000000000E+000    -0.1230000000000E+003  0.0000000000000E+000
-0.1230000000000E+003  0.0000000000000E+000    -0.1230000000000E+003  0.0000000000000E+000    -0.1230000000000E+003  0.0000000000000E+000
-0.1230000000000E+003  0.0000000000000E+000    -0.1230000000000E+003  0.0000000000000E+000    -0.1230000000000E+003  0.0000000000000E+000
! 3 Dipole moments Y (MCH) in a.u.
-0.1230000000000E+003  0.0000000000000E+000    -0.1230000000000E+003  0.0000000000000E+000    -0.1230000000000E+003  0.0000000000000E+000
-0.1230000000000E+003  0.0000000000000E+000    -0.1230000000000E+003  0.0000000000000E+000    -0.1230000000000E+003  0.0000000000000E+000
-0.1230000000000E+003  0.0000000000000E+000    -0.1230000000000E+003  0.0000000000000E+000    -0.1230000000000E+003  0.0000000000000E+000
! 3 Dipole moments Z (MCH) in a.u.
-0.1230000000000E+003  0.0000000000000E+000    -0.1230000000000E+003  0.0000000000000E+000    -0.1230000000000E+003  0.0000000000000E+000
-0.1230000000000E+003  0.0000000000000E+000    -0.1230000000000E+003  0.0000000000000E+000    -0.1230000000000E+003  0.0000000000000E+000
-0.1230000000000E+003  0.0000000000000E+000    -0.1230000000000E+003  0.0000000000000E+000    -0.1230000000000E+003  0.0000000000000E+000
! 5 Coefficients (diag)
 0.0000000000000E+000  0.0000000000000E+000
 0.9760194832931E+000 -0.2176831831636E+000
 0.0000000000000E+000  0.0000000000000E+000
! 6 Hopping Probabilities (diag)
 0.0000000000000E+000
 0.0000000000000E+000
 0.0000000000000E+000
! 7 Ekin (a.u.)
 0.2818163563095E-002
! 8 states (diag, MCH)
           2            2
! 9 Random number
 0.9600772615284E+000
! 10 Runtime (sec)
           3
! 11 Geometry in a.u.
 0.5280273610235E-002 -0.9140847948089E-001 -0.3571069348871E-001
 0.2536640472130E+001  0.1037963098552E+000  0.3832623608091E-001
-0.1158023421697E+001  0.1687693553131E+001 -0.4656811981552E-001
 0.3267138330353E+001  0.1742178326249E+001  0.3143106598365E-001
 0.3649317309637E+001 -0.1644605860796E+001 -0.3257944636034E+000
-0.7097150343413E+000 -0.1932755854109E+001  0.3097908474734E+000
! 12 Velocities in a.u.
-0.5964240280154E-004  0.1487123933561E-003  0.2931007400153E-004
 0.1794655571566E-004 -0.2020382948937E-003 -0.3960593354398E-004
 0.4217192513985E-004 -0.2332733288288E-003 -0.4947122413221E-003
 0.6067729434812E-003  0.1013112757064E-002  0.5773645691782E-003
 0.1094414644200E-003  0.4340229242094E-004 -0.1981203456969E-003
-0.2615521681999E-003 -0.1878276614443E-003  0.2381500984778E-003
! 0 Step
           3
! 1 Hamiltonian (MCH) in a.u.
-0.7798659515381E+002  0.0000000000000E+000     0.0000000000000E+000  0.0000000000000E+000     0.0000000000000E+000  0.0000000000000E+000
 0.0000000000000E+000  0.0000000000000E+000    -0.7766223907471E+002  0.0000000000000E+000     0.0000000000000E+000  0.0000000000000E+000
 0.0000000000000E+000  0.0000000000000E+000     0.0000000000000E+000  0.0000000000000E+000    -0.7755374145508E+002  0.0000000000000E+000
! 2 U matrix
 0.1000000000000E+001  0.0000000000000E+000     0.0000000000000E+000  0.0000000000000E+000     0.0000000000000E+000  0.0000000000000E+000
 0.0000000000000E+000  0.0000000000000E+000     0.1000000000000E+001  0.0000000000000E+000     0.0000000000000E+000  0.0000000000000E+000
 0.0000000000000E+000  0.0000000000000E+000     0.0000000000000E+000  0.0000000000000E+000     0.1000000000000E+001  0.0000000000000E+000
! 3 Dipole moments X (MCH) in a.u.
-0.1230000000000E+003  0.0000000000000E+000    -0.1230000000000E+003  0.0000000000000E+000    -0.1230000000000E+003  0.0000000000000E+000
-0.1230000000000E+003  0.0000000000000E+000    -0.1230000000000E+003  0.0000000000000E+000    -0.1230000000000E+003  0.0000000000000E+000
-0.1230000000000E+003  0.0000000000000E+000    -0.1230000000000E+003  0.0000000000000E+000    -0.1230000000000E+003  0.0000000000000E+000
! 3 Dipole moments Y (MCH) in a.u.
-0.1230000000000E+003  0.0000000000000E+000    -0.1230000000000E+003  0.0000000000000E+000    -0.1230000000000E+003  0.0000000000000E+000
-0.1230000000000E+003  0.0000000000000E+000    -0.1230000000000E+003  0.0000000000000E+000    -0.1230000000000E+003  0.0000000000000E+000
-0.1230000000000E+003  0.0000000000000E+000    -0.1230000000000E+003  0.0000000000000E+000    -0.1230000000000E+003  0.0000000000000E+000
! 3 Dipole moments Z (MCH) in a.u.
-0.1230000000000E+003  0.0000000000000E+000    -0.1230000000000E+003  0.0000000000000E+000    -0.1230000000000E+003  0.0000000000000E+000
-0.1230000000000E+003  0.0000000000000E+000    -0.1230000000000E+003  0.0000000000000E+000    -0.1230000000000E+003  0.0000000000000E+000
-0.1230000000000E+003  0.0000000000000E+000    -0.1230000000000E+003  0.0000000000000E+000    -0.1230000000000E+003  0.0000000000000E+000
! 5 Coefficients (diag)
 0.0000000000000E+000  0.0000000000000E+000
-0.9641295846756E+000  0.2654319949692E+000
 0.0000000000000E+000  0.0000000000000E+000
! 6 Hopping Probabilities (diag)
 0.0000000000000E+000
 0.0000000000000E+000
 0.0000000000000E+000
! 7 Ekin (a.u.)
 0.5545349032379E-002
! 8 states (diag, MCH)
           2            2
! 9 Random number
 0.8927614899845E+000
! 10 Runtime (sec)
           2
! 11 Geometry in a.u.
 0.3745378054610E-002 -0.8822562669285E-001 -0.3495717067586E-001
 0.2537110277328E+001  0.9924499822734E-001  0.3731372099145E-001
-0.1157235441717E+001  0.1681742957555E+001 -0.5935429122216E-001
 0.3282925929486E+001  0.1768052233078E+001  0.4631470970892E-001
 0.3652149396115E+001 -0.1643475233582E+001 -0.3314836637558E+000
-0.7164314292951E+000 -0.1937503682928E+001  0.3164686422420E+000
! 12 Velocities in a.u.
-0.8814909277678E-004  0.1583050232626E-003  0.4333927399470E-004
 0.2802799660302E-004 -0.2361746950832E-003 -0.5756503801353E-004
 0.3059224517797E-004 -0.3370008202182E-003 -0.7438050193299E-003
 0.9063070996611E-003  0.1460542029563E-002  0.8610528481014E-003
 0.1647097070368E-003  0.6788672250271E-004 -0.3573253539330E-003
-0.3852256239159E-003 -0.2635582897889E-003  0.4095870425683E-003
! 0 Step
           4
! 1 Hamiltonian (MCH) in a.u.
-0.7798745727539E+002  0.0000000000000E+000     0.0000000000000E+000  0.0000000000000E+000     0.0000000000000E+000  0.0000000000000E+000
 0.0000000000000E+000  0.0000000000000E+000    -0.7766562652588E+002  0.0000000000000E+000     0.0000000000000E+000  0.0000000000000E+000
 0.0000000000000E+000  0.0000000000000E+000     0.0000000000000E+000  0.0000000000000E+000    -0.7755885314941E+002  0.0000000000000E+000
! 2 U matrix
 0.1000000000000E+001  0.0000000000000E+000     0.0000000000000E+000  0.0000000000000E+000     0.0000000000000E+000  0.0000000000000E+000
 0.0000000000000E+000  0.0000000000000E+000     0.1000000000000E+001  0.0000000000000E+000     0.0000000000000E+000  0.0000000000000E+000
 0.0000000000000E+000  0.0000000000000E+000     0.0000000000000E+000  0.0000000000000E+000     0.1000000000000E+001  0.0000000000000E+000
! 3 Dipole moments X (MCH) in a.u.
-0.1230000000000E+003  0.0000000000000E+000    -0.1230000000000E+003  0.0000000000000E+000    -0.1230000000000E+003  0.0000000000000E+000
-0.1230000000000E+003  0.0000000000000E+000    -0.1230000000000E+003  0.0000000000000E+000    -0.1230000000000E+003  0.0000000000000E+000
-0.1230000000000E+003  0.0000000000000E+000    -0.1230000000000E+003  0.0000000000000E+000    -0.1230000000000E+003  0.0000000000000E+000
! 3 Dipole moments Y (MCH) in a.u.
-0.1230000000000E+003  0.0000000000000E+000    -0.1230000000000E+003  0.0000000000000E+000    -0.1230000000000E+003  0.0000000000000E+000
-0.1230000000000E+003  0.0000000000000E+000    -0.1230000000000E+003  0.0000000000000E+000    -0.1230000000000E+003  0.0000000000000E+000
-0.1230000000000E+003  0.0000000000000E+000    -0.1230000000000E+003  0.0000000000000E+000    -0.1230000000000E+003  0.0000000000000E+000
! 3 Dipole moments Z (MCH) in a.u.
-0.1230000000000E+003  0.0000000000000E+000    -0.1230000000000E+003  0.0000000000000E+000    -0.1230000000000E+003  0.0000000000000E+000
-0.1230000000000E+003  0.0000000000000E+000    -0.1230000000000E+003  0.0000000000000E+000    -0.1230000000000E+003  0.0000000000000E+000
-0.1230000000000E+003  0.0000000000000E+000    -0.1230000000000E+003  0.0000000000000E+000    -0.1230000000000E+003  0.0000000000000E+000
! 5 Coefficients (diag)
 0.0000000000000E+000  0.0000000000000E+000
 0.9678453558500E+000 -0.2515459543692E+000
 0.0000000000000E+000  0.0000000000000E+000
! 6 Hopping Probabilities (diag)
 0.0000000000000E+000
 0.0000000000000E+000
 0.0000000000000E+000
! 7 Ekin (a.u.)
 0.8914240967615E-002
! 8 states (diag, MCH)
           2            2
! 9 Random number
 0.6081040550923E+000
! 10 Runtime (sec)
           2
! 11 Geometry in a.u.
 0.1636069056593E-002 -0.8486393241336E-001 -0.3391898838242E-001
 0.2537799188001E+001  0.9403252361347E-001  0.3594641835334E-001
-0.1156758696268E+001  0.1673761476409E+001 -0.7731804080822E-001
 0.3304606310516E+001  0.1802559139565E+001  0.6702817323833E-001
 0.3656126635128E+001 -0.1641799330457E+001 -0.3405667844625E+000
-0.7256407906779E+000 -0.1943651715763E+001  0.3267237383135E+000
! 12 Velocities in a.u.
-0.1149173301582E-003  0.1658188798116E-003  0.5688006702549E-004
 0.3939157863502E-004 -0.2649883714360E-003 -0.7390440011629E-004
 0.1101078402312E-004 -0.4287723278396E-003 -0.9974187639862E-003
 0.1170913761694E-002  0.1835089044260E-002  0.1142628012319E-002
 0.2204127478451E-003  0.9679180647439E-004 -0.5282087227789E-003
-0.5023970181816E-003 -0.3214371812112E-003  0.5858558302687E-003
! 0 Step
           5
! 1 Hamiltonian (MCH) in a.u.
-0.7798779296875E+002  0.0000000000000E+000     0.0000000000000E+000  0.0000000000000E+000     0.0000000000000E+000  0.0000000000000E+000
 0.0000000000000E+000  0.0000000000000E+000    -0.7766933441162E+002  0.0000000000000E+000     0.0000000000000E+000  0.0000000000000E+000
 0.0000000000000E+000  0.0000000000000E+000     0.0000000000000E+000  0.0000000000000E+000    -0.7756513214111E+002  0.0000000000000E+000
! 2 U matrix
 0.1000000000000E+001  0.0000000000000E+000     0.0000000000000E+000  0.0000000000000E+000     0.0000000000000E+000  0.0000000000000E+000
 0.0000000000000E+000  0.0000000000000E+000     0.1000000000000E+001  0.0000000000000E+000     0.0000000000000E+000  0.0000000000000E+000
 0.0000000000000E+000  0.0000000000000E+000     0.0000000000000E+000  0.0000000000000E+000     0.1000000000000E+001  0.0000000000000E+000
! 3 Dipole moments X (MCH) in a.u.
-0.1230000000000E+003  0.0000000000000E+000    -0.1230000000000E+003  0.0000000000000E+000    -0.1230000000000E+003  0.0000000000000E+000
-0.1230000000000E+003  0.0000000000000E+000    -0.1230000000000E+003  0.0000000000000E+000    -0.1230000000000E+003  0.0000000000000E+000
-0.1230000000000E+003  0.0000000000000E+000    -0.1230000000000E+003  0.0000000000000E+000    -0.1230000000000E+003  0.0000000000000E+000
! 3 Dipole moments Y (MCH) in a.u.
-0.1230000000000E+003  0.0000000000000E+000    -0.1230000000000E+003  0.0000000000000E+000    -0.1230000000000E+003  0.0000000000000E+000
-0.1230000000000E+003  0.0000000000000E+000    -0.1230000000000E+003  0.0000000000000E+000    -0.1230000000000E+003  0.0000000000000E+000
-0.1230000000000E+003  0.0000000000000E+000    -0.1230000000000E+003  0.0000000000000E+000    -0.1230000000000E+003  0.0000000000000E+000
! 3 Dipole moments Z (MCH) in a.u.
-0.1230000000000E+003  0.0000000000000E+000    -0.1230000000000E+003  0.0000000000000E+000    -0.1230000000000E+003  0.0000000000000E+000
-0.1230000000000E+003  0.0000000000000E+000    -0.1230000000000E+003  0.0000000000000E+000    -0.1230000000000E+003  0.0000000000000E+000
-0.1230000000000E+003  0.0000000000000E+000    -0.1230000000000E+003  0.0000000000000E+000    -0.1230000000000E+003  0.0000000000000E+000
! 5 Coefficients (diag)
 0.0000000000000E+000  0.0000000000000E+000
-0.9861812562356E+000  0.1656699425052E+000
 0.0000000000000E+000  0.0000000000000E+000
! 6 Hopping Probabilities (diag)
 0.0000000000000E+000
 0.0000000000000E+000
 0.0000000000000E+000
! 7 Ekin (a.u.)
 0.1259642460899E-001
! 8 states (diag, MCH)
           2            2
! 9 Random number
 0.6433215172389E+000
! 10 Runtime (sec)
           3
! 11 Geometry in a.u.
-0.1005462194141E-002 -0.8137044647654E-001 -0.3260567058963E-001
 0.2538738779287E+001  0.8829001503433E-001  0.3425841159513E-001
-0.1156780240784E+001  0.1664016920674E+001 -0.1005889527156E+000
 0.3331333112452E+001  0.1843917334360E+001  0.9355252094944E-001
 0.3661261561812E+001 -0.1639473727374E+001 -0.3533205377631E+000
-0.7372012119863E+000 -0.1950792337440E+001  0.3406887268418E+000
! 12 Velocities in a.u.
-0.1392161931149E-003  0.1708873289392E-003  0.7004066059781E-004
 0.5232993651915E-004 -0.2865074181111E-003 -0.8867687022354E-004
-0.1842621412264E-004 -0.5071114807903E-003 -0.1259880031866E-002
 0.1389460742259E-002  0.2111813804972E-002  0.1425343664645E-002
 0.2769787767074E-003  0.1309581012643E-003 -0.7143367759507E-003
-0.6127049647145E-003 -0.3579691281448E-003  0.7709361162392E-003
! 0 Step
           6
! 1 Hamiltonian (MCH) in a.u.
-0.7798725891113E+002  0.0000000000000E+000     0.0000000000000E+000  0.0000000000000E+000     0.0000000000000E+000  0.0000000000000E+000
 0.0000000000000E+000  0.0000000000000E+000    -0.7767306518555E+002  0.0000000000000E+000     0.0000000000000E+000  0.0000000000000E+000
 0.0000000000000E+000  0.0000000000000E+000     0.0000000000000E+000  0.0000000000000E+000    -0.7757238769531E+002  0.0000000000000E+000
! 2 U matrix
 0.1000000000000E+001  0.0000000000000E+000     0.0000000000000E+000  0.0000000000000E+000     0.0000000000000E+000  0.0000000000000E+000
 0.0000000000000E+000  0.0000000000000E+000     0.1000000000000E+001  0.0000000000000E+000     0.0000000000000E+000  0.0000000000000E+000
 0.0000000000000E+000  0.0000000000000E+000     0.0000000000000E+000  0.0000000000000E+000     0.1000000000000E+001  0.0000000000000E+000
! 3 Dipole moments X (MCH) in a.u.
-0.1230000000000E+003  0.0000000000000E+000    -0.1230000000000E+003  0.0000000000000E+000    -0.1230000000000E+003  0.0000000000000E+000
-0.1230000000000E+003  0.0000000000000E+000    -0.1230000000000E+003  0.0000000000000E+000    -0.1230000000000E+003  0.0000000000000E+000
-0.1230000000000E+003  0.0000000000000E+000    -0.1230000000000E+003  0.0000000000000E+000    -0.1230000000000E+003  0.0000000000000E+000
! 3 Dipole moments Y (MCH) in a.u.
-0.1230000000000E+003  0.0000000000000E+000    -0.1230000000000E+003  0.0000000000000E+000    -0.1230000000000E+003  0.0000000000000E+000
-0.1230000000000E+003  0.0000000000000E+000    -0.1230000000000E+003  0.0000000000000E+000    -0.1230000000000E+003  0.0000000000000E+000
-0.1230000000000E+003  0.0000000000000E+000    -0.1230000000000E+003  0.0000000000000E+000    -0.1230000000000E+003  0.0000000000000E+000
! 3 Dipole moments Z (MCH) in a.u.
-0.1230000000000E+003  0.0000000000000E+000    -0.1230000000000E+003  0.0000000000000E+000    -0.1230000000000E+003  0.0000000000000E+000
-0.1230000000000E+003  0.0000000000000E+000    -0.1230000000000E+003  0.0000000000000E+000    -0.1230000000000E+003  0.0000000000000E+000
-0.1230000000000E+003  0.0000000000000E+000    -0.1230000000000E+003  0.0000000000000E+000    -0.1230000000000E+003  0.0000000000000E+000
! 5 Coefficients (diag)
 0.0000000000000E+000  0.0000000000000E+000
 0.9999985434148E+000 -0.1706800582871E-002
 0.0000000000000E+000  0.0000000000000E+000
! 6 Hopping Probabilities (diag)
 0.0000000000000E+000
 0.0000000000000E+000
 0.0000000000000E+000
! 7 Ekin (a.u.)
 0.1632665655432E-001
! 8 states (diag, MCH)
           2            2
! 9 Random number
 0.9615587220278E+000
! 10 Runtime (sec)
           2
! 11 Geometry in a.u.
-0.4119319557273E-002 -0.7779921554943E-001 -0.3102341128400E-001
 0.2539962579443E+001  0.8218791347804E-001  0.3228039475523E-001
-0.1157520461265E+001  0.1652796791359E+001 -0.1294032115631E+000
 0.3362048525796E+001  0.1889864422491E+001  0.1259538378094E+000
 0.3667577318141E+001 -0.1636385342701E+001 -0.3700984478041E+000
-0.7509708553684E+000 -0.1958450651132E+001  0.3585952961125E+000
! 12 Velocities in a.u.
-0.1599488737802E-003  0.1731769903233E-003  0.8300186860919E-004
 0.6645101885410E-004 -0.2992690181095E-003 -0.1021074958869E-003
-0.5889386495918E-004 -0.5713654243551E-003 -0.1535972163592E-002
 0.1554367808627E-002  0.2273518406464E-002  0.1712851070575E-002
 0.3348352239079E-003  0.1703587164999E-003 -0.9185888014372E-003
-0.7162191823028E-003 -0.3700401689162E-003  0.9693662955159E-003
! 0 Step
           7
! 1 Hamiltonian (MCH) in a.u.
-0.7798567962646E+002  0.0000000000000E+000     0.0000000000000E+000  0.0000000000000E+000     0.0000000000000E+000  0.0000000000000E+000
 0.0000000000000E+000  0.0000000000000E+000    -0.7767674255371E+002  0.0000000000000E+000     0.0000000000000E+000  0.0000000000000E+000
 0.0000000000000E+000  0.0000000000000E+000     0.0000000000000E+000  0.0000000000000E+000    -0.7758052825928E+002  0.0000000000000E+000
! 2 U matrix
 0.1000000000000E+001  0.0000000000000E+000     0.0000000000000E+000  0.0000000000000E+000     0.0000000000000E+000  0.0000000000000E+000
 0.0000000000000E+000  0.0000000000000E+000     0.1000000000000E+001  0.0000000000000E+000     0.0000000000000E+000  0.0000000000000E+000
 0.0000000000000E+000  0.0000000000000E+000     0.0000000000000E+000  0.0000000000000E+000     0.1000000000000E+001  0.0000000000000E+000
! 3 Dipole moments X (MCH) in a.u.
-0.1230000000000E+003  0.0000000000000E+000    -0.1230000000000E+003  0.0000000000000E+000    -0.1230000000000E+003  0.0000000000000E+000
-0.1230000000000E+003  0.0000000000000E+000    -0.1230000000000E+003  0.0000000000000E+000    -0.1230000000000E+003  0.0000000000000E+000
-0.1230000000000E+003  0.0000000000000E+000    -0.1230000000000E+003  0.0000000000000E+000    -0.1230000000000E+003  0.0000000000000E+000
! 3 Dipole moments Y (MCH) in a.u.
-0.1230000000000E+003  0.0000000000000E+000    -0.1230000000000E+003  0.0000000000000E+000    -0.1230000000000E+003  0.0000000000000E+000
-0.1230000000000E+003  0.0000000000000E+000    -0.1230000000000E+003  0.0000000000000E+000    -0.1230000000000E+003  0.0000000000000E+000
-0.1230000000000E+003  0.0000000000000E+000    -0.1230000000000E+003  0.0000000000000E+000    -0.1230000000000E+003  0.0000000000000E+000
! 3 Dipole moments Z (MCH) in a.u.
-0.1230000000000E+003  0.0000000000000E+000    -0.1230000000000E+003  0.0000000000000E+000    -0.1230000000000E+003  0.0000000000000E+000
-0.1230000000000E+003  0.0000000000000E+000    -0.1230000000000E+003  0.0000000000000E+000    -0.1230000000000E+003  0.0000000000000E+000
-0.1230000000000E+003  0.0000000000000E+000    -0.1230000000000E+003  0.0000000000000E+000    -0.1230000000000E+003  0.0000000000000E+000
! 5 Coefficients (diag)
 0.0000000000000E+000  0.0000000000000E+000
-0.9714407347447E+000 -0.2372823189340E+000
 0.0000000000000E+000  0.0000000000000E+000
! 6 Hopping Probabilities (diag)
 0.0000000000000E+000
 0.0000000000000E+000
 0.0000000000000E+000
! 7 Ekin (a.u.)
 0.2001642915204E-001
! 8 states (diag, MCH)
           2            2
! 9 Random number
 0.5218666058741E+000
! 10 Runtime (sec)
           2
! 11 Geometry in a.u.
-0.7617968299630E-002 -0.7421107186652E-001 -0.2917425935194E-001
 0.2541485955665E+001  0.7591782282901E-001  0.3003714748735E-001
-0.1159214994042E+001  0.1640395889355E+001 -0.1640881513631E+000
 0.3395592812328E+001  0.1937907707586E+001  0.1643641365256E+000
 0.3675104109809E+001 -0.1632430864075E+001 -0.3912962603448E+000
-0.7668106965917E+000 -0.1966090306212E+001  0.3807636607632E+000
! 12 Velocities in a.u.
-0.1759216424847E-003  0.1723410964616E-003  0.9593088131179E-004
 0.8065398154443E-004 -0.3028923763039E-003 -0.1145261184471E-003
-0.1111512580497E-003 -0.6216692416327E-003 -0.1829997032072E-002
 0.1665258424863E-002  0.2317485233007E-002  0.2008595822823E-002
 0.3946800866711E-003  0.2145413247616E-003 -0.1142785806418E-002
-0.8136088173010E-003 -0.3547507866141E-003  0.1185761794826E-002
! 0 Step
           8
! 1 Hamiltonian (MCH) in a.u.
-0.7798303985596E+002  0.0000000000000E+000     0.0000000000000E+000  0.0000000000000E+000     0.0000000000000E+000  0.0000000000000E+000
 0.0000000000000E+000  0.0000000000000E+000    -0.7768050384521E+002  0.0000000000000E+000     0.0000000000000E+000  0.0000000000000E+000
 0.0000000000000E+000  0.0000000000000E+000     0.0000000000000E+000  0.0000000000000E+000    -0.7758951568604E+002  0.0000000000000E+000
! 2 U matrix
 0.1000000000000E+001  0.0000000000000E+000     0.0000000000000E+000  0.0000000000000E+000     0.0000000000000E+000  0.0000000000000E+000
 0.0000000000000E+000  0.0000000000000E+000     0.1000000000000E+001  0.0000000000000E+000     0.0000000000000E+000  0.0000000000000E+000
 0.0000000000000E+000  0.0000000000000E+000     0.0000000000000E+000  0.0000000000000E+000     0.1000000000000E+001  0.0000000000000E+000
! 3 Dipole moments X (MCH) in a.u.
-0.1230000000000E+003  0.0000000000000E+000    -0.1230000000000E+003  0.0000000000000E+000    -0.1230000000000E+003  0.0000000000000E+000
-0.1230000000000E+003  0.0000000000000E+000    -0.1230000000000E+003  0.0000000000000E+000    -0.1230000000000E+003  0.0000000000000E+000
-0.1230000000000E+003  0.0000000000000E+000    -0.1230000000000E+003  0.0000000000000E+000    -0.1230000000000E+003  0.0000000000000E+000
! 3 Dipole moments Y (MCH) in a.u.
-0.1230000000000E+003  0.0000000000000E+000    -0.1230000000000E+003  0.0000000000000E+000    -0.1230000000000E+003  0.0000000000000E+000
-0.1230000000000E+003  0.0000000000000E+000    -0.1230000000000E+003  0.0000000000000E+000    -0.1230000000000E+003  0.0000000000000E+000
-0.1230000000000E+003  0.0000000000000E+000    -0.1230000000000E+003  0.0000000000000E+000    -0.1230000000000E+003  0.0000000000000E+000
! 3 Dipole moments Z (MCH) in a.u.
-0.1230000000000E+003  0.0000000000000E+000    -0.1230000000000E+003  0.0000000000000E+000    -0.1230000000000E+003  0.0000000000000E+000
-0.1230000000000E+003  0.0000000000000E+000    -0.1230000000000E+003  0.0000000000000E+000    -0.1230000000000E+003  0.0000000000000E+000
-0.1230000000000E+003  0.0000000000000E+000    -0.1230000000000E+003  0.0000000000000E+000    -0.1230000000000E+003  0.0000000000000E+000
! 5 Coefficients (diag)
 0.0000000000000E+000  0.0000000000000E+000
 0.8484443106973E+000  0.5292846603157E+000
 0.0000000000000E+000  0.0000000000000E+000
! 6 Hopping Probabilities (diag)
 0.0000000000000E+000
 0.0000000000000E+000
 0.0000000000000E+000
! 7 Ekin (a.u.)
 0.2379161389857E-001
! 8 states (diag, MCH)
           2            2
! 9 Random number
 0.9033374075329E+000
! 10 Runtime (sec)
           3
! 11 Geometry in a.u.
-0.1139216185697E-001 -0.7067439793962E-001 -0.2705749690531E-001
 0.2543296925805E+001  0.6966592666888E-001  0.2754572773588E-001
-0.1162115606921E+001  0.1627096131149E+001 -0.2050578020683E+000
 0.3430892596038E+001  0.1985672444707E+001  0.2089919476002E+000
 0.3683893934952E+001 -0.1627515909698E+001 -0.4173427824694E+000
-0.7846065612333E+000 -0.1973116535842E+001  0.4076163171590E+000
! 12 Velocities in a.u.
-0.1860487381251E-003  0.1680503315615E-003  0.1089276658142E-003
 0.9329590413328E-004 -0.2981427881650E-003 -0.1263813347538E-003
-0.1757857502178E-003 -0.6591442767449E-003 -0.2144548748264E-002
 0.1729738573391E-002  0.2255718988754E-002  0.2315430372700E-002
 0.4576353901201E-003  0.2632427453513E-003 -0.1386749630552E-002
-0.9063756340919E-003 -0.3096781205083E-003  0.1423840261548E-002
! 0 Step
           9
! 1 Hamiltonian (MCH) in a.u.
-0.7797943878174E+002  0.0000000000000E+000     0.0000000000000E+000  0.0000000000000E+000     0.0000000000000E+000  0.0000000000000E+000
 0.0000000000000E+000  0.0000000000000E+000    -0.7768460083008E+002  0.0000000000000E+000     0.0000000000000E+000  0.0000000000000E+000
 0.0000000000000E+000  0.0000000000000E+000     0.0000000000000E+000  0.0000000000000E+000    -0.7759937286377E+002  0.0000000000000E+000
! 2 U matrix
 0.1000000000000E+001  0.0000000000000E+000     0.0000000000000E+000  0.0000000000000E+000     0.0000000000000E+000  0.0000000000000E+000
 0.0000000000000E+000  0.0000000000000E+000     0.1000000000000E+001  0.0000000000000E+000     0.0000000000000E+000  0.0000000000000E+000
 0.0000000000000E+000  0.0000000000000E+000     0.0000000000000E+000  0.0000000000000E+000     0.1000000000000E+001  0.0000000000000E+000
! 3 Dipole moments X (MCH) in a.u.
-0.1230000000000E+003  0.0000000000000E+000    -0.1230000000000E+003  0.0000000000000E+000    -0.1230000000000E+003  0.0000000000000E+000
-0.1230000000000E+003  0.0000000000000E+000    -0.1230000000000E+003  0.0000000000000E+000    -0.1230000000000E+003  0.0000000000000E+000
-0.1230000000000E+003  0.0000000000000E+000    -0.1230000000000E+003  0.0000000000000E+000    -0.1230000000000E+003  0.0000000000000E+000
! 3 Dipole moments Y (MCH) in a.u.
-0.1230000000000E+003  0.0000000000000E+000    -0.1230000000000E+003  0.0000000000000E+000    -0.1230000000000E+003  0.0000000000000E+000
-0.1230000000000E+003  0.0000000000000E+000    -0.1230000000000E+003  0.0000000000000E+000    -0.1230000000000E+003  0.0000000000000E+000
-0.1230000000000E+003  0.0000000000000E+000    -0.1230000000000E+003  0.0000000000000E+000    -0.1230000000000E+003  0.0000000000000E+000
! 3 Dipole moments Z (MCH) in a.u.
-0.1230000000000E+003  0.0000000000000E+000    -0.1230000000000E+003  0.0000000000000E+000    -0.1230000000000E+003  0.0000000000000E+000
-0.1230000000000E+003  0.0000000000000E+000    -0.1230000000000E+003  0.0000000000000E+000    -0.1230000000000E+003  0.0000000000000E+000
-0.1230000000000E+003  0.0000000000000E+000    -0.1230000000000E+003  0.0000000000000E+000    -0.1230000000000E+003  0.0000000000000E+000
! 5 Coefficients (diag)
 0.0000000000000E+000  0.0000000000000E+000
-0.5757265214514E+000 -0.8176423255296E+000
 0.0000000000000E+000  0.0000000000000E+000
! 6 Hopping Probabilities (diag)
 0.0000000000000E+000
 0.0000000000000E+000
 0.0000000000000E+000
! 7 Ekin (a.u.)
 0.2791263049426E-001
! 8 states (diag, MCH)
           2            2
! 9 Random number
 0.5800066373227E+000
! 10 Runtime (sec)
           2
! 11 Geometry in a.u.
-0.1530947864100E-001 -0.6726364037033E-001 -0.2467104005298E-001
 0.2545342936469E+001  0.6359219051628E-001  0.2481236954469E-001
-0.1166482218369E+001  0.1613145959728E+001 -0.2527467418006E+000
 0.3467102580463E+001  0.2031162228439E+001  0.2600872079950E+000
 0.3694023385323E+001 -0.1621548047461E+001 -0.4486263945439E+000
-0.8042815100626E+000 -0.1978892825006E+001  0.4396271725855E+000
! 12 Velocities in a.u.
-0.1892283616779E-003  0.1600789090836E-003  0.1220290919943E-003
 0.1022873951375E-003 -0.2865324545655E-003 -0.1382430487687E-003
-0.2529154610888E-003 -0.6859784379526E-003 -0.2478925713496E-002
 0.1760533917106E-002  0.2109416539975E-002  0.2634412094759E-002
 0.5247844628049E-003  0.3166308829969E-003 -0.1646810883239E-002
-0.9964426642836E-003 -0.2332897211452E-003  0.1684524776837E-002
! 0 Step
          10
! 1 Hamiltonian (MCH) in a.u.
-0.7797490692139E+002  0.0000000000000E+000     0.0000000000000E+000  0.0000000000000E+000     0.0000000000000E+000  0.0000000000000E+000
 0.0000000000000E+000  0.0000000000000E+000    -0.7768933105469E+002  0.0000000000000E+000     0.0000000000000E+000  0.0000000000000E+000
 0.0000000000000E+000  0.0000000000000E+000     0.0000000000000E+000  0.0000000000000E+000    -0.7761017608643E+002  0.0000000000000E+000
! 2 U matrix
 0.1000000000000E+001  0.0000000000000E+000     0.0000000000000E+000  0.0000000000000E+000     0.0000000000000E+000  0.0000000000000E+000
 0.0000000000000E+000  0.0000000000000E+000     0.1000000000000E+001  0.0000000000000E+000     0.0000000000000E+000  0.0000000000000E+000
 0.0000000000000E+000  0.0000000000000E+000     0.0000000000000E+000  0.0000000000000E+000     0.1000000000000E+001  0.0000000000000E+000
! 3 Dipole moments X (MCH) in a.u.
-0.1230000000000E+003  0.0000000000000E+000    -0.1230000000000E+003  0.0000000000000E+000    -0.1230000000000E+003  0.0000000000000E+000
-0.1230000000000E+003  0.0000000000000E+000    -0.1230000000000E+003  0.0000000000000E+000    -0.1230000000000E+003  0.0000000000000E+000
-0.1230000000000E+003  0.0000000000000E+000    -0.1230000000000E+003  0.0000000000000E+000    -0.1230000000000E+003  0.0000000000000E+000
! 3 Dipole moments Y (MCH) in a.u.
-0.1230000000000E+003  0.0000000000000E+000    -0.1230000000000E+003  0.0000000000000E+000    -0.1230000000000E+003  0.0000000000000E+000
-0.1230000000000E+003  0.0000000000000E+000    -0.1230000000000E+003  0.0000000000000E+000    -0.1230000000000E+003  0.0000000000000E+000
-0.1230000000000E+003  0.0000000000000E+000    -0.1230000000000E+003  0.0000000000000E+000    -0.1230000000000E+003  0.0000000000000E+000
! 3 Dipole moments Z (MCH) in a.u.
-0.1230000000000E+003  0.0000000000000E+000    -0.1230000000000E+003  0.0000000000000E+000    -0.1230000000000E+003  0.0000000000000E+000
-0.1230000000000E+003  0.0000000000000E+000    -0.1230000000000E+003  0.0000000000000E+000    -0.1230000000000E+003  0.0000000000000E+000
-0.1230000000000E+003  0.0000000000000E+000    -0.1230000000000E+003  0.0000000000000E+000    -0.1230000000000E+003  0.0000000000000E+000
! 5 Coefficients (diag)
 0.0000000000000E+000  0.0000000000000E+000
 0.1221459345307E+000  0.9925121514005E+000
 0.0000000000000E+000  0.0000000000000E+000
! 6 Hopping Probabilities (diag)
 0.0000000000000E+000
 0.0000000000000E+000
 0.0000000000000E+000
! 7 Ekin (a.u.)
 0.3264462608607E-001
! 8 states (diag, MCH)
           2            2
! 9 Random number
 0.3818383464095E+000
! 10 Runtime (sec)
           3
! 11 Geometry in a.u.
-0.1921512220270E-001 -0.6405651599610E-001 -0.2201264665542E-001
 0.2547525627195E+001  0.5782028149204E-001  0.2183057024574E-001
-0.1172571479420E+001  0.1598736840446E+001 -0.3075399954601E+000
 0.3503675485975E+001  0.2072878621406E+001  0.3179021615283E+000
 0.3705589245350E+001 -0.1614425954155E+001 -0.4854242060058E+000
-0.8258008694245E+000 -0.1982761053299E+001  0.4772568848505E+000
! 12 Velocities in a.u.
-0.1844501776055E-003  0.1483865161999E-003  0.1351632568640E-003
 0.1054426806544E-003 -0.2698641163107E-003 -0.1506535650203E-003
-0.3419033456480E-003 -0.7054561636640E-003 -0.2828042369373E-002
 0.1772102907644E-002  0.1902885906060E-002  0.2963450892129E-002
 0.5967876111633E-003  0.3752886378945E-003 -0.1915503268459E-002
-0.1085559556627E-002 -0.1252308537888E-003  0.1964672280059E-002
! 0 Step
          11
! 1 Hamiltonian (MCH) in a.u.
-0.7796935272217E+002  0.0000000000000E+000     0.0000000000000E+000  0.0000000000000E+000     0.0000000000000E+000  0.0000000000000E+000
 0.0000000000000E+000  0.0000000000000E+000    -0.7769483184814E+002  0.0000000000000E+000     0.0000000000000E+000  0.0000000000000E+000
 0.0000000000000E+000  0.0000000000000E+000     0.0000000000000E+000  0.0000000000000E+000    -0.7762200927734E+002  0.0000000000000E+000
! 2 U matrix
 0.1000000000000E+001  0.0000000000000E+000     0.0000000000000E+000  0.0000000000000E+000     0.0000000000000E+000  0.0000000000000E+000
 0.0000000000000E+000  0.0000000000000E+000     0.1000000000000E+001  0.0000000000000E+000     0.0000000000000E+000  0.0000000000000E+000
 0.0000000000000E+000  0.0000000000000E+000     0.0000000000000E+000  0.0000000000000E+000     0.1000000000000E+001  0.0000000000000E+000
! 3 Dipole moments X (MCH) in a.u.
-0.1230000000000E+003  0.0000000000000E+000    -0.1230000000000E+003  0.0000000000000E+000    -0.1230000000000E+003  0.0000000000000E+000
-0.1230000000000E+003  0.0000000000000E+000    -0.1230000000000E+003  0.0000000000000E+000    -0.1230000000000E+003  0.0000000000000E+000
-0.1230000000000E+003  0.0000000000000E+000    -0.1230000000000E+003  0.0000000000000E+000    -0.1230000000000E+003  0.0000000000000E+000
! 3 Dipole moments Y (MCH) in a.u.
-0.1230000000000E+003  0.0000000000000E+000    -0.1230000000000E+003  0.0000000000000E+000    -0.1230000000000E+003  0.0000000000000E+000
-0.1230000000000E+003  0.0000000000000E+000    -0.1230000000000E+003  0.0000000000000E+000    -0.1230000000000E+003  0.0000000000000E+000
-0.1230000000000E+003  0.0000000000000E+000    -0.1230000000000E+003  0.0000000000000E+000    -0.1230000000000E+003  0.0000000000000E+000
! 3 Dipole moments Z (MCH) in a.u.
-0.1230000000000E+003  0.0000000000000E+000    -0.1230000000000E+003  0.0000000000000E+000    -0.1230000000000E+003  0.0000000000000E+000
-0.1230000000000E+003  0.0000000000000E+000    -0.1230000000000E+003  0.0000000000000E+000    -0.1230000000000E+003  0.0000000000000E+000
-0.1230000000000E+003  0.0000000000000E+000    -0.1230000000000E+003  0.0000000000000E+000    -0.1230000000000E+003  0.0000000000000E+000
! 5 Coefficients (diag)
 0.0000000000000E+000  0.0000000000000E+000
 0.4570259514353E+000 -0.8894533600558E+000
 0.0000000000000E+000  0.0000000000000E+000
! 6 Hopping Probabilities (diag)
 0.0000000000000E+000
 0.0000000000000E+000
 0.0000000000000E+000
! 7 Ekin (a.u.)
 0.3814338974555E-001
! 8 states (diag, MCH)
           2            2
! 9 Random number
 0.4075631499893E+000
! 10 Runtime (sec)
           2
! 11 Geometry in a.u.
-0.2293490229513E-001 -0.6112913800620E-001 -0.1908320538977E-001
 0.2549702081695E+001  0.5243563733411E-001  0.1858414426891E-001
-0.1180616972226E+001  0.1583981433094E+001 -0.3696618972006E+000
 0.3540363748356E+001  0.2109830145096E+001  0.3826003376870E+000
 0.3718695404758E+001 -0.1606033099774E+001 -0.5278159302900E+000
-0.8491600329707E+000 -0.1984070040485E+001  0.5208494227967E+000
! 12 Velocities in a.u.
-0.1711074354238E-003  0.1331509933810E-003  0.1481121306601E-003
 0.1010609840678E-003 -0.2497202203293E-003 -0.1639291988015E-003
-0.4413024627133E-003 -0.7222942292722E-003 -0.3183050480240E-002
 0.1777110520398E-002  0.1656417506886E-002  0.3296975097418E-002
 0.6737406756106E-003  0.4407014487370E-003 -0.2182986740686E-002
-0.1174898020506E-002  0.1417623450195E-004  0.2257533254950E-002
! 0 Step
          12
! 1 Hamiltonian (MCH) in a.u.
-0.7796265411377E+002  0.0000000000000E+000     0.0000000000000E+000  0.0000000000000E+000     0.0000000000000E+000  0.0000000000000E+000
 0.0000000000000E+000  0.0000000000000E+000    -0.7770108795166E+002  0.0000000000000E+000     0.0000000000000E+000  0.0000000000000E+000
 0.0000000000000E+000  0.0000000000000E+000     0.0000000000000E+000  0.0000000000000E+000    -0.7763494873047E+002  0.0000000000000E+000
! 2 U matrix
 0.1000000000000E+001  0.0000000000000E+000     0.0000000000000E+000  0.0000000000000E+000     0.0000000000000E+000  0.0000000000000E+000
 0.0000000000000E+000  0.0000000000000E+000     0.1000000000000E+001  0.0000000000000E+000     0.0000000000000E+000  0.0000000000000E+000
 0.0000000000000E+000  0.0000000000000E+000     0.0000000000000E+000  0.0000000000000E+000     0.1000000000000E+001  0.0000000000000E+000
! 3 Dipole moments X (MCH) in a.u.
-0.1230000000000E+003  0.0000000000000E+000    -0.1230000000000E+003  0.0000000000000E+000    -0.1230000000000E+003  0.0000000000000E+000
-0.1230000000000E+003  0.0000000000000E+000    -0.1230000000000E+003  0.0000000000000E+000    -0.1230000000000E+003  0.0000000000000E+000
-0.1230000000000E+003  0.0000000000000E+000    -0.1230000000000E+003  0.0000000000000E+000    -0.1230000000000E+003  0.0000000000000E+000
! 3 Dipole moments Y (MCH) in a.u.
-0.1230000000000E+003  0.0000000000000E+000    -0.1230000000000E+003  0.0000000000000E+000    -0.1230000000000E+003  0.0000000000000E+000
-0.1230000000000E+003  0.0000000000000E+000    -0.1230000000000E+003  0.0000000000000E+000    -0.1230000000000E+003  0.0000000000000E+000
-0.1230000000000E+003  0.0000000000000E+000    -0.1230000000000E+003  0.0000000000000E+000    -0.1230000000000E+003  0.0000000000000E+000
! 3 Dipole moments Z (MCH) in a.u.
-0.1230000000000E+003  0.0000000000000E+000    -0.1230000000000E+003  0.0000000000000E+000    -0.1230000000000E+003  0.0000000000000E+000
-0.1230000000000E+003  0.0000000000000E+000    -0.1230000000000E+003  0.0000000000000E+000    -0.1230000000000E+003  0.0000000000000E+000
-0.1230000000000E+003  0.0000000000000E+000    -0.1230000000000E+003  0.0000000000000E+000    -0.1230000000000E+003  0.0000000000000E+000
! 5 Coefficients (diag)
 0.0000000000000E+000  0.0000000000000E+000
-0.9296909093598E+000  0.3683406209661E+000
 0.0000000000000E+000  0.0000000000000E+000
! 6 Hopping Probabilities (diag)
 0.0000000000000E+000
 0.0000000000000E+000
 0.0000000000000E+000
! 7 Ekin (a.u.)
 0.4437431239761E-001
! 8 states (diag, MCH)
           2            2
! 9 Random number
 0.2147309228291E+000
! 10 Runtime (sec)
           3
! 11 Geometry in a.u.
-0.2628893857098E-001 -0.5855187106879E-001 -0.1588948776633E-001
 0.2551703627067E+001  0.4749650463406E-001  0.1505351203755E-001
-0.1190815529285E+001  0.1568876205056E+001 -0.4391316737085E+000
 0.3577143675456E+001  0.2141357195957E+001  0.4542036399075E+000
 0.3733442610151E+001 -0.1596206751033E+001 -0.5756718758382E+000
-0.8743727671210E+000 -0.1982174988296E+001  0.5705864099600E+000
! 12 Velocities in a.u.
-0.1494671269182E-003  0.1147264059340E-003  0.1606277449238E-003
 0.8867249759675E-004 -0.2269619701391E-003 -0.1781257605019E-003
-0.5486470543019E-003 -0.7428992879856E-003 -0.3532213831833E-002
 0.1783054528203E-002  0.1379755513514E-002  0.3625470361689E-002
 0.7547853329498E-003  0.5157687139969E-003 -0.2437435717366E-002
-0.1264783810136E-002  0.1847375213005E-003  0.2552679941633E-002
! 0 Step
          13
! 1 Hamiltonian (MCH) in a.u.
-0.7795481109619E+002  0.0000000000000E+000     0.0000000000000E+000  0.0000000000000E+000     0.0000000000000E+000  0.0000000000000E+000
 0.0000000000000E+000  0.0000000000000E+000    -0.7770777893066E+002  0.0000000000000E+000     0.0000000000000E+000  0.0000000000000E+000
 0.0000000000000E+000  0.0000000000000E+000     0.0000000000000E+000  0.0000000000000E+000    -0.7764888000488E+002  0.0000000000000E+000
! 2 U matrix
 0.1000000000000E+001  0.0000000000000E+000     0.0000000000000E+000  0.0000000000000E+000     0.0000000000000E+000  0.0000000000000E+000
 0.0000000000000E+000  0.0000000000000E+000     0.1000000000000E+001  0.0000000000000E+000     0.0000000000000E+000  0.0000000000000E+000
 0.0000000000000E+000  0.0000000000000E+000     0.0000000000000E+000  0.0000000000000E+000     0.1000000000000E+001  0.0000000000000E+000
! 3 Dipole moments X (MCH) in a.u.
-0.1230000000000E+003  0.0000000000000E+000    -0.1230000000000E+003  0.0000000000000E+000    -0.1230000000000E+003  0.0000000000000E+000
-0.1230000000000E+003  0.0000000000000E+000    -0.1230000000000E+003  0.0000000000000E+000    -0.1230000000000E+003  0.0000000000000E+000
-0.1230000000000E+003  0.0000000000000E+000    -0.1230000000000E+003  0.0000000000000E+000    -0.1230000000000E+003  0.0000000000000E+000
! 3 Dipole moments Y (MCH) in a.u.
-0.1230000000000E+003  0.0000000000000E+000    -0.1230000000000E+003  0.0000000000000E+000    -0.1230000000000E+003  0.0000000000000E+000
-0.1230000000000E+003  0.0000000000000E+000    -0.1230000000000E+003  0.0000000000000E+000    -0.1230000000000E+003  0.0000000000000E+000
-0.1230000000000E+003  0.0000000000000E+000    -0.1230000000000E+003  0.0000000000000E+000    -0.1230000000000E+003  0.0000000000000E+000
! 3 Dipole moments Z (MCH) in a.u.
-0.1230000000000E+003  0.0000000000000E+000    -0.1230000000000E+003  0.0000000000000E+000    -0.1230000000000E+003  0.0000000000000E+000
-0.1230000000000E+003  0.0000000000000E+000    -0.1230000000000E+003  0.0000000000000E+000    -0.1230000000000E+003  0.0000000000000E+000
-0.1230000000000E+003  0.0000000000000E+000    -0.1230000000000E+003  0.0000000000000E+000    -0.1230000000000E+003  0.0000000000000E+000
! 5 Coefficients (diag)
 0.0000000000000E+000  0.0000000000000E+000
 0.8889755786498E+000  0.4579546053533E+000
 0.0000000000000E+000  0.0000000000000E+000
! 6 Hopping Probabilities (diag)
 0.0000000000000E+000
 0.0000000000000E+000
 0.0000000000000E+000
! 7 Ekin (a.u.)
 0.5102929456447E-001
! 8 states (diag, MCH)
           2            2
! 9 Random number
 0.5081202118624E+000
! 10 Runtime (sec)
           3
! 11 Geometry in a.u.
-0.2911407859039E-001 -0.5638619082708E-001 -0.1244263381889E-001
 0.2553367924523E+001  0.4305271779370E-001  0.1122018070339E-001
-0.1203298794927E+001  0.1553268956279E+001 -0.5156884679221E+000
 0.3614077671284E+001  0.2166871132891E+001  0.5324822614253E+000
 0.3749899266996E+001 -0.1584710512814E+001 -0.6285828702622E+000
-0.9014479326538E+000 -0.1976432737648E+001  0.6263807172690E+000
! 12 Velocities in a.u.
-0.1210701611649E-003  0.9373098045846E-004  0.1724579578031E-003
 0.6954130328808E-004 -0.2017326283356E-003 -0.1929829909704E-003
-0.6598295685252E-003 -0.7745838684153E-003 -0.3859071194381E-002
 0.1790604975976E-002  0.1072257448638E-002  0.3932777526267E-002
 0.8373900824084E-003  0.6040584834662E-003 -0.2663162334433E-002
-0.1354164417502E-002  0.3851804462106E-003  0.2834025692326E-002
! 0 Step
          14
! 1 Hamiltonian (MCH) in a.u.
-0.7794560241699E+002  0.0000000000000E+000     0.0000000000000E+000  0.0000000000000E+000     0.0000000000000E+000  0.0000000000000E+000
 0.0000000000000E+000  0.0000000000000E+000    -0.7771443939209E+002  0.0000000000000E+000     0.0000000000000E+000  0.0000000000000E+000
 0.0000000000000E+000  0.0000000000000E+000     0.0000000000000E+000  0.0000000000000E+000    -0.7766353607178E+002  0.0000000000000E+000
! 2 U matrix
 0.1000000000000E+001  0.0000000000000E+000     0.0000000000000E+000  0.0000000000000E+000     0.0000000000000E+000  0.0000000000000E+000
 0.0000000000000E+000  0.0000000000000E+000     0.1000000000000E+001  0.0000000000000E+000     0.0000000000000E+000  0.0000000000000E+000
 0.0000000000000E+000  0.0000000000000E+000     0.0000000000000E+000  0.0000000000000E+000     0.1000000000000E+001  0.0000000000000E+000
! 3 Dipole moments X (MCH) in a.u.
-0.1230000000000E+003  0.0000000000000E+000    -0.1230000000000E+003  0.0000000000000E+000    -0.1230000000000E+003  0.0000000000000E+000
-0.1230000000000E+003  0.0000000000000E+000    -0.1230000000000E+003  0.0000000000000E+000    -0.1230000000000E+003  0.0000000000000E+000
-0.1230000000000E+003  0.0000000000000E+000    -0.1230000000000E+003  0.0000000000000E+000    -0.1230000000000E+003  0.0000000000000E+000
! 3 Dipole moments Y (MCH) in a.u.
-0.1230000000000E+003  0.0000000000000E+000    -0.1230000000000E+003  0.0000000000000E+000    -0.1230000000000E+003  0.0000000000000E+000
-0.1230000000000E+003  0.0000000000000E+000    -0.1230000000000E+003  0.0000000000000E+000    -0.1230000000000E+003  0.0000000000000E+000
-0.1230000000000E+003  0.0000000000000E+000    -0.1230000000000E+003  0.0000000000000E+000    -0.1230000000000E+003  0.0000000000000E+000
! 3 Dipole moments Z (MCH) in a.u.
-0.1230000000000E+003  0.0000000000000E+000    -0.1230000000000E+003  0.0000000000000E+000    -0.1230000000000E+003  0.0000000000000E+000
-0.1230000000000E+003  0.0000000000000E+000    -0.1230000000000E+003  0.0000000000000E+000    -0.1230000000000E+003  0.0000000000000E+000
-0.1230000000000E+003  0.0000000000000E+000    -0.1230000000000E+003  0.0000000000000E+000    -0.1230000000000E+003  0.0000000000000E+000
! 5 Coefficients (diag)
 0.0000000000000E+000  0.0000000000000E+000
-0.1040192318393E+000 -0.9945752859425E+000
 0.0000000000000E+000  0.0000000000000E+000
! 6 Hopping Probabilities (diag)
 0.0000000000000E+000
 0.0000000000000E+000
 0.0000000000000E+000
! 7 Ekin (a.u.)
 0.5766624804521E-001
! 8 states (diag, MCH)
           2            2
! 9 Random number
 0.1236171438851E+000
! 10 Runtime (sec)
           2
! 11 Geometry in a.u.
-0.3129414530345E-001 -0.5467690361258E-001 -0.8759838948172E-002
 0.2554578560049E+001  0.3915660073215E-001  0.7075330160501E-002
-0.1218093789815E+001  0.1536853844172E+001 -0.5986709766824E+000
 0.3651169744264E+001  0.2185685791453E+001  0.6167900638651E+000
 0.3768061466175E+001 -0.1571234143752E+001 -0.6857706641582E+000
-0.9303557838622E+000 -0.1966251099668E+001  0.6877489241479E+000
! 12 Velocities in a.u.
-0.8756621395127E-004  0.7101449057274E-004  0.1832960379051E-003
 0.4544787254169E-004 -0.1737525674976E-003 -0.2078678876956E-003
-0.7699105898059E-003 -0.8238063359745E-003 -0.4148544398782E-002
 0.1794516953532E-002  0.7265156242308E-003  0.4201641597081E-002
 0.9180984745447E-003  0.7087426188831E-003 -0.2847205188702E-002
-0.1440836416685E-002  0.6127416066615E-003  0.3086898225005E-002
! 0 Step
          15
! 1 Hamiltonian (MCH) in a.u.
-0.7793480682373E+002  0.0000000000000E+000     0.0000000000000E+000  0.0000000000000E+000     0.0000000000000E+000  0.0000000000000E+000
 0.0000000000000E+000  0.0000000000000E+000    -0.7772073364258E+002  0.0000000000000E+000     0.0000000000000E+000  0.0000000000000E+000
 0.0000000000000E+000  0.0000000000000E+000     0.0000000000000E+000  0.0000000000000E+000    -0.7767842864990E+002  0.0000000000000E+000
! 2 U matrix
 0.1000000000000E+001  0.0000000000000E+000     0.0000000000000E+000  0.0000000000000E+000     0.0000000000000E+000  0.0000000000000E+000
 0.0000000000000E+000  0.0000000000000E+000     0.1000000000000E+001  0.0000000000000E+000     0.0000000000000E+000  0.0000000000000E+000
 0.0000000000000E+000  0.0000000000000E+000     0.0000000000000E+000  0.0000000000000E+000     0.1000000000000E+001  0.0000000000000E+000
! 3 Dipole moments X (MCH) in a.u.
-0.1230000000000E+003  0.0000000000000E+000    -0.1230000000000E+003  0.0000000000000E+000    -0.1230000000000E+003  0.0000000000000E+000
-0.1230000000000E+003  0.0000000000000E+000    -0.1230000000000E+003  0.0000000000000E+000    -0.1230000000000E+003  0.0000000000000E+000
-0.1230000000000E+003  0.0000000000000E+000    -0.1230000000000E+003  0.0000000000000E+000    -0.1230000000000E+003  0.0000000000000E+000
! 3 Dipole moments Y (MCH) in a.u.
-0.1230000000000E+003  0.0000000000000E+000    -0.1230000000000E+003  0.0000000000000E+000    -0.1230000000000E+003  0.0000000000000E+000
-0.1230000000000E+003  0.0000000000000E+000    -0.1230000000000E+003  0.0000000000000E+000    -0.1230000000000E+003  0.0000000000000E+000
-0.1230000000000E+003  0.0000000000000E+000    -0.1230000000000E+003  0.0000000000000E+000    -0.1230000000000E+003  0.0000000000000E+000
! 3 Dipole moments Z (MCH) in a.u.
-0.1230000000000E+003  0.0000000000000E+000    -0.1230000000000E+003  0.0000000000000E+000    -0.1230000000000E+003  0.0000000000000E+000
-0.1230000000000E+003  0.0000000000000E+000    -0.1230000000000E+003  0.0000000000000E+000    -0.1230000000000E+003  0.0000000000000E+000
-0.1230000000000E+003  0.0000000000000E+000    -0.1230000000000E+003  0.0000000000000E+000    -0.1230000000000E+003  0.0000000000000E+000
! 5 Coefficients (diag)
 0.0000000000000E+000  0.0000000000000E+000
-0.8523318786050E+000  0.5230013085200E+000
 0.0000000000000E+000  0.0000000000000E+000
! 6 Hopping Probabilities (diag)
 0.0000000000000E+000
 0.0000000000000E+000
 0.0000000000000E+000
! 7 Ekin (a.u.)
 0.6393416381845E-001
! 8 states (diag, MCH)
           2            2
! 9 Random number
 0.9763245262110E+000
! 10 Runtime (sec)
           3
! 11 Geometry in a.u.
-0.3273418613290E-001 -0.5345035426011E-001 -0.4864923884991E-002
 0.2555246801989E+001  0.3586954803284E-001  0.2626636753769E-002
-0.1235127956055E+001  0.1519211670988E+001 -0.6871949907097E+000
 0.3688265466616E+001  0.2196906286547E+001  0.7061838953108E+000
 0.3787854718790E+001 -0.1555410119608E+001 -0.7462902429302E+000
-0.9610140888709E+000 -0.1951101158129E+001  0.7539973292366E+000
! 12 Velocities in a.u.
-0.5034055709661E-004  0.4755710104943E-004  0.1928495395625E-003
 0.1821621843640E-004 -0.1425470469522E-003 -0.2218732629053E-003
-0.8740504168304E-003 -0.8969524266638E-003 -0.4392407822414E-002
 0.1785952807915E-002  0.3310318515976E-003  0.4419077896428E-002
 0.9934174901629E-003  0.8330405001412E-003 -0.2984414671016E-002
-0.1522536765371E-002  0.8647493518726E-003  0.3303581913465E-002
! 0 Step
          16
! 1 Hamiltonian (MCH) in a.u.
-0.7792277526855E+002  0.0000000000000E+000     0.0000000000000E+000  0.0000000000000E+000     0.0000000000000E+000  0.0000000000000E+000
 0.0000000000000E+000  0.0000000000000E+000    -0.7772644042969E+002  0.0000000000000E+000     0.0000000000000E+000  0.0000000000000E+000
 0.0000000000000E+000  0.0000000000000E+000     0.0000000000000E+000  0.0000000000000E+000    -0.7769286346436E+002  0.0000000000000E+000
! 2 U matrix
 0.1000000000000E+001  0.0000000000000E+000     0.0000000000000E+000  0.0000000000000E+000     0.0000000000000E+000  0.0000000000000E+000
 0.0000000000000E+000  0.0000000000000E+000     0.1000000000000E+001  0.0000000000000E+000     0.0000000000000E+000  0.0000000000000E+000
 0.0000000000000E+000  0.0000000000000E+000     0.0000000000000E+000  0.0000000000000E+000     0.1000000000000E+001  0.0000000000000E+000
! 3 Dipole moments X (MCH) in a.u.
-0.1230000000000E+003  0.0000000000000E+000    -0.1230000000000E+003  0.0000000000000E+000    -0.1230000000000E+003  0.0000000000000E+000
-0.1230000000000E+003  0.0000000000000E+000    -0.1230000000000E+003  0.0000000000000E+000    -0.1230000000000E+003  0.0000000000000E+000
-0.1230000000000E+003  0.0000000000000E+000    -0.1230000000000E+003  0.0000000000000E+000    -0.1230000000000E+003  0.0000000000000E+000
! 3 Dipole moments Y (MCH) in a.u.
-0.1230000000000E+003  0.0000000000000E+000    -0.1230000000000E+003  0.0000000000000E+000    -0.1230000000000E+003  0.0000000000000E+000
-0.1230000000000E+003  0.0000000000000E+000    -0.1230000000000E+003  0.0000000000000E+000    -0.1230000000000E+003  0.0000000000000E+000
-0.1230000000000E+003  0.0000000000000E+000    -0.1230000000000E+003  0.0000000000000E+000    -0.1230000000000E+003  0.0000000000000E+000
! 3 Dipole moments Z (MCH) in a.u.
-0.1230000000000E+003  0.0000000000000E+000    -0.1230000000000E+003  0.0000000000000E+000    -0.1230000000000E+003  0.0000000000000E+000
-0.1230000000000E+003  0.0000000000000E+000    -0.1230000000000E+003  0.0000000000000E+000    -0.1230000000000E+003  0.0000000000000E+000
-0.1230000000000E+003  0.0000000000000E+000    -0.1230000000000E+003  0.0000000000000E+000    -0.1230000000000E+003  0.0000000000000E+000
! 5 Coefficients (diag)
-0.1179925564835E-004 -0.3692001941798E-004
 0.7658537464897E+000  0.6426240020698E+000
 0.2019975000337E-001  0.9715943032584E-002
! 6 Hopping Probabilities (diag)
 0.7950739931316E-008
 0.0000000000000E+000
 0.6680862699806E-003
! 7 Ekin (a.u.)
 0.6965638640331E-001
! 8 states (diag, MCH)
           2            2
! 9 Random number
 0.3099185511354E+000
! 10 Runtime (sec)
           2
! 11 Geometry in a.u.
-0.3337529306828E-001 -0.5271082774336E-001 -0.7871741356015E-003
 0.2555331643536E+001  0.3326351004627E-001 -0.2097215234361E-002
-0.1254228234411E+001  0.1499772599038E+001 -0.7802591483092E+000
 0.3725003486055E+001  0.2199371102815E+001  0.7994808129786E+000
 0.3809130709514E+001 -0.1536795105432E+001 -0.8091504652597E+000
-0.9932995446959E+000 -0.1930501173871E+001  0.8243235373759E+000
! 12 Velocities in a.u.
-0.1194627115784E-004  0.2441815198281E-004  0.2008601318344E-003
-0.8983441270296E-005 -0.1077843925478E-003 -0.2339113817842E-003
-0.9670275503066E-003 -0.1003197083755E-002 -0.4587430497887E-002
 0.1754649741931E-002 -0.1265038740246E-003  0.4575747988409E-002
 0.1058918212997E-002  0.9819092802749E-003 -0.3075782842692E-002
-0.1597148823363E-002  0.1141156671820E-002  0.3481293391330E-002
! 0 Step
          17
! 1 Hamiltonian (MCH) in a.u.
-0.7790989685059E+002  0.0000000000000E+000     0.0000000000000E+000  0.0000000000000E+000     0.0000000000000E+000  0.0000000000000E+000
 0.0000000000000E+000  0.0000000000000E+000    -0.7773171997070E+002  0.0000000000000E+000     0.0000000000000E+000  0.0000000000000E+000
 0.0000000000000E+000  0.0000000000000E+000     0.0000000000000E+000  0.0000000000000E+000    -0.7770576477051E+002  0.0000000000000E+000
! 2 U matrix
 0.1000000000000E+001  0.0000000000000E+000     0.0000000000000E+000  0.0000000000000E+000     0.0000000000000E+000  0.0000000000000E+000
 0.0000000000000E+000  0.0000000000000E+000     0.1000000000000E+001  0.0000000000000E+000     0.0000000000000E+000  0.0000000000000E+000
 0.0000000000000E+000  0.0000000000000E+000     0.0000000000000E+000  0.0000000000000E+000     0.1000000000000E+001  0.0000000000000E+000
! 3 Dipole moments X (MCH) in a.u.
-0.1230000000000E+003  0.0000000000000E+000    -0.1230000000000E+003  0.0000000000000E+000    -0.1230000000000E+003  0.0000000000000E+000
-0.1230000000000E+003  0.0000000000000E+000    -0.1230000000000E+003  0.0000000000000E+000    -0.1230000000000E+003  0.0000000000000E+000
-0.1230000000000E+003  0.0000000000000E+000    -0.1230000000000E+003  0.0000000000000E+000    -0.1230000000000E+003  0.0000000000000E+000
! 3 Dipole moments Y (MCH) in a.u.
-0.1230000000000E+003  0.0000000000000E+000    -0.1230000000000E+003  0.0000000000000E+000    -0.1230000000000E+003  0.0000000000000E+000
-0.1230000000000E+003  0.0000000000000E+000    -0.1230000000000E+003  0.0000000000000E+000    -0.1230000000000E+003  0.0000000000000E+000
-0.1230000000000E+003  0.0000000000000E+000    -0.1230000000000E+003  0.0000000000000E+000    -0.1230000000000E+003  0.0000000000000E+000
! 3 Dipole moments Z (MCH) in a.u.
-0.1230000000000E+003  0.0000000000000E+000    -0.1230000000000E+003  0.0000000000000E+000    -0.1230000000000E+003  0.0000000000000E+000
-0.1230000000000E+003  0.0000000000000E+000    -0.1230000000000E+003  0.0000000000000E+000    -0.1230000000000E+003  0.0000000000000E+000
-0.1230000000000E+003  0.0000000000000E+000    -0.1230000000000E+003  0.0000000000000E+000    -0.1230000000000E+003  0.0000000000000E+000
! 5 Coefficients (diag)
-0.6578238206511E-003  0.2686779805062E-003
 0.4692118992882E+000 -0.8766296019815E+000
 0.1460104998695E-001 -0.1055795383370E+000
! 6 Hopping Probabilities (diag)
 0.2293048139618E-005
 0.0000000000000E+000
 0.1380142248570E-001
! 7 Ekin (a.u.)
 0.7498912722923E-001
! 8 states (diag, MCH)
           2            2
! 9 Random number
 0.4799634465667E+000
! 10 Runtime (sec)
           3
! 11 Geometry in a.u.
-0.3322806138880E-001 -0.5244087432283E-001  0.3438909813329E-002
 0.2554875414190E+001  0.3141359322082E-001 -0.7043581007918E-002
-0.1275106203038E+001  0.1477738125820E+001 -0.8768456675720E+000
 0.3760805096670E+001  0.2191676442662E+001  0.8953516011873E+000
 0.3831631851965E+001 -0.1514816641471E+001 -0.8734473297279E+000
-0.1027042414649E+001 -0.1903924174126E+001  0.8979187790169E+000
! 12 Velocities in a.u.
 0.2464592157560E-004  0.2424955495333E-005  0.2071673433101E-003
-0.3242046808401E-004 -0.6937021078477E-004 -0.2430525071386E-003
-0.1042314260285E-002 -0.1155620689164E-002 -0.4737313199471E-002
 0.1689769974153E-002 -0.6574849928995E-003  0.4670442931220E-002
 0.1106828099564E-002  0.1162746044647E-002 -0.3129725790552E-002
-0.1661644902075E-002  0.1448057530241E-002  0.3624192102765E-002
! 0 Step
          18
! 1 Hamiltonian (MCH) in a.u.
-0.7789601135254E+002  0.0000000000000E+000     0.0000000000000E+000  0.0000000000000E+000     0.0000000000000E+000  0.0000000000000E+000
 0.0000000000000E+000  0.0000000000000E+000    -0.7773721313477E+002  0.0000000000000E+000     0.0000000000000E+000  0.0000000000000E+000
 0.0000000000000E+000  0.0000000000000E+000     0.0000000000000E+000  0.0000000000000E+000    -0.7771673583984E+002  0.0000000000000E+000
! 2 U matrix
 0.1000000000000E+001  0.0000000000000E+000     0.0000000000000E+000  0.0000000000000E+000     0.0000000000000E+000  0.0000000000000E+000
 0.0000000000000E+000  0.0000000000000E+000     0.1000000000000E+001  0.0000000000000E+000     0.0000000000000E+000  0.0000000000000E+000
 0.0000000000000E+000  0.0000000000000E+000     0.0000000000000E+000  0.0000000000000E+000     0.1000000000000E+001  0.0000000000000E+000
! 3 Dipole moments X (MCH) in a.u.
-0.1230000000000E+003  0.0000000000000E+000    -0.1230000000000E+003  0.0000000000000E+000    -0.1230000000000E+003  0.0000000000000E+000
-0.1230000000000E+003  0.0000000000000E+000    -0.1230000000000E+003  0.0000000000000E+000    -0.1230000000000E+003  0.0000000000000E+000
-0.1230000000000E+003  0.0000000000000E+000    -0.1230000000000E+003  0.0000000000000E+000    -0.1230000000000E+003  0.0000000000000E+000
! 3 Dipole moments Y (MCH) in a.u.
-0.1230000000000E+003  0.0000000000000E+000    -0.1230000000000E+003  0.0000000000000E+000    -0.1230000000000E+003  0.0000000000000E+000
-0.1230000000000E+003  0.0000000000000E+000    -0.1230000000000E+003  0.0000000000000E+000    -0.1230000000000E+003  0.0000000000000E+000
-0.1230000000000E+003  0.0000000000000E+000    -0.1230000000000E+003  0.0000000000000E+000    -0.1230000000000E+003  0.0000000000000E+000
! 3 Dipole moments Z (MCH) in a.u.
-0.1230000000000E+003  0.0000000000000E+000    -0.1230000000000E+003  0.0000000000000E+000    -0.1230000000000E+003  0.0000000000000E+000
-0.1230000000000E+003  0.0000000000000E+000    -0.1230000000000E+003  0.0000000000000E+000    -0.1230000000000E+003  0.0000000000000E+000
-0.1230000000000E+003  0.0000000000000E+000    -0.1230000000000E+003  0.0000000000000E+000    -0.1230000000000E+003  0.0000000000000E+000
! 5 Coefficients (diag)
 0.2144399854136E-003  0.1880725659308E-002
-0.8913601437040E+000 -0.3845201342482E+000
-0.2396487596592E+000  0.1364732406196E-001
! 6 Hopping Probabilities (diag)
 0.1275303307460E-004
 0.0000000000000E+000
 0.5890736098984E-001
! 7 Ekin (a.u.)
 0.8057684483466E-001
! 8 states (diag, MCH)
           2            2
! 9 Random number
 0.2093493762828E+000
! 10 Runtime (sec)
           3
! 11 Geometry in a.u.
-0.3235639682324E-001 -0.5261057675291E-001  0.7777408347038E-002
 0.2553991336861E+001  0.3039565026388E-001 -0.1214533967203E-001
-0.1297318937378E+001  0.1451997652693E+001 -0.9761061818942E+000
 0.3794860897407E+001  0.2172189770262E+001  0.9925633378388E+000
 0.3854888503196E+001 -0.1488725587107E+001 -0.9385376276036E+000
-0.1061994226943E+001 -0.1870636486902E+001  0.9741526161347E+000
! 12 Velocities in a.u.
 0.5680183261858E-004 -0.1811217316894E-004  0.2116181193300E-003
-0.4839152663396E-004 -0.2753566356713E-004 -0.2489652615662E-003
-0.1090207774016E-002 -0.1374778779082E-002 -0.4852410049881E-002
 0.1579564384691E-002 -0.1272163901905E-002  0.4715046464896E-002
 0.1121299847088E-002  0.1387745101188E-002 -0.3162211183643E-002
-0.1710870985488E-002  0.1803122352778E-002  0.3744591268952E-002
! 0 Step
          19
! 1 Hamiltonian (MCH) in a.u.
-0.7788103485107E+002  0.0000000000000E+000     0.0000000000000E+000  0.0000000000000E+000     0.0000000000000E+000  0.0000000000000E+000
 0.0000000000000E+000  0.0000000000000E+000    -0.7774394989014E+002  0.0000000000000E+000     0.0000000000000E+000  0.0000000000000E+000
 0.0000000000000E+000  0.0000000000000E+000     0.0000000000000E+000  0.0000000000000E+000    -0.7772579193115E+002  0.0000000000000E+000
! 2 U matrix
 0.1000000000000E+001  0.0000000000000E+000     0.0000000000000E+000  0.0000000000000E+000     0.0000000000000E+000  0.0000000000000E+000
 0.0000000000000E+000  0.0000000000000E+000     0.1000000000000E+001  0.0000000000000E+000     0.0000000000000E+000  0.0000000000000E+000
 0.0000000000000E+000  0.0000000000000E+000     0.0000000000000E+000  0.0000000000000E+000     0.1000000000000E+001  0.0000000000000E+000
! 3 Dipole moments X (MCH) in a.u.
-0.1230000000000E+003  0.0000000000000E+000    -0.1230000000000E+003  0.0000000000000E+000    -0.1230000000000E+003  0.0000000000000E+000
-0.1230000000000E+003  0.0000000000000E+000    -0.1230000000000E+003  0.0000000000000E+000    -0.1230000000000E+003  0.0000000000000E+000
-0.1230000000000E+003  0.0000000000000E+000    -0.1230000000000E+003  0.0000000000000E+000    -0.1230000000000E+003  0.0000000000000E+000
! 3 Dipole moments Y (MCH) in a.u.
-0.1230000000000E+003  0.0000000000000E+000    -0.1230000000000E+003  0.0000000000000E+000    -0.1230000000000E+003  0.0000000000000E+000
-0.1230000000000E+003  0.0000000000000E+000    -0.1230000000000E+003  0.0000000000000E+000    -0.1230000000000E+003  0.0000000000000E+000
-0.1230000000000E+003  0.0000000000000E+000    -0.1230000000000E+003  0.0000000000000E+000    -0.1230000000000E+003  0.0000000000000E+000
! 3 Dipole moments Z (MCH) in a.u.
-0.1230000000000E+003  0.0000000000000E+000    -0.1230000000000E+003  0.0000000000000E+000    -0.1230000000000E+003  0.0000000000000E+000
-0.1230000000000E+003  0.0000000000000E+000    -0.1230000000000E+003  0.0000000000000E+000    -0.1230000000000E+003  0.0000000000000E+000
-0.1230000000000E+003  0.0000000000000E+000    -0.1230000000000E+003  0.0000000000000E+000    -0.1230000000000E+003  0.0000000000000E+000
! 5 Coefficients (diag)
 0.2919793595591E-002 -0.9430866952020E-003
-0.4228118958333E+000  0.8208887652404E+000
 0.4229362561423E-001  0.3815410468995E+000
! 6 Hopping Probabilities (diag)
 0.2481334726209E-004
 0.0000000000000E+000
 0.1250959985453E+000
! 7 Ekin (a.u.)
 0.8709997187509E-001
! 8 states (diag, MCH)
           2            2
! 9 Random number
 0.2526281596020E+000
! 10 Runtime (sec)
           2
! 11 Geometry in a.u.
-0.3087979562039E-001 -0.5318965643572E-001  0.1218749348904E-001
 0.2552874842021E+001  0.3027523107326E-001 -0.1733614683382E-001
-0.1320176889636E+001  0.1420902883060E+001 -0.1077450963020E+001
 0.3826106457604E+001  0.2139083439850E+001  0.1090278097385E+001
 0.3877987927564E+001 -0.1457445353148E+001 -0.1004177482836E+001
-0.1097772170789E+001 -0.1829380619770E+001  0.1052725324654E+001
! 12 Velocities in a.u.
 0.8479945573303E-004 -0.3734253534172E-004  0.2133264664318E-003
-0.5635843566661E-004  0.1636957575823E-004 -0.2517368926260E-003
-0.1102188960714E-002 -0.1674294412034E-002 -0.4931451809909E-002
 0.1420005182591E-002 -0.1960604628664E-002  0.4722459891992E-002
 0.1085427255155E-002  0.1664047850811E-002 -0.3182900473669E-002
-0.1742137479753E-002  0.2220758103458E-002  0.3849578648880E-002
! 0 Step
          20
! 1 Hamiltonian (MCH) in a.u.
-0.7786695861816E+002  0.0000000000000E+000     0.0000000000000E+000  0.0000000000000E+000     0.0000000000000E+000  0.0000000000000E+000
 0.0000000000000E+000  0.0000000000000E+000    -0.7775132751465E+002  0.0000000000000E+000     0.0000000000000E+000  0.0000000000000E+000
 0.0000000000000E+000  0.0000000000000E+000     0.0000000000000E+000  0.0000000000000E+000    -0.7773314666748E+002  0.0000000000000E+000
! 2 U matrix
 0.1000000000000E+001  0.0000000000000E+000     0.0000000000000E+000  0.0000000000000E+000     0.0000000000000E+000  0.0000000000000E+000
 0.0000000000000E+000  0.0000000000000E+000     0.1000000000000E+001  0.0000000000000E+000     0.0000000000000E+000  0.0000000000000E+000
 0.0000000000000E+000  0.0000000000000E+000     0.0000000000000E+000  0.0000000000000E+000     0.1000000000000E+001  0.0000000000000E+000
! 3 Dipole moments X (MCH) in a.u.
-0.1230000000000E+003  0.0000000000000E+000    -0.1230000000000E+003  0.0000000000000E+000    -0.1230000000000E+003  0.0000000000000E+000
-0.1230000000000E+003  0.0000000000000E+000    -0.1230000000000E+003  0.0000000000000E+000    -0.1230000000000E+003  0.0000000000000E+000
-0.1230000000000E+003  0.0000000000000E+000    -0.1230000000000E+003  0.0000000000000E+000    -0.1230000000000E+003  0.0000000000000E+000
! 3 Dipole moments Y (MCH) in a.u.
-0.1230000000000E+003  0.0000000000000E+000    -0.1230000000000E+003  0.0000000000000E+000    -0.1230000000000E+003  0.0000000000000E+000
-0.1230000000000E+003  0.0000000000000E+000    -0.1230000000000E+003  0.0000000000000E+000    -0.1230000000000E+003  0.0000000000000E+000
-0.1230000000000E+003  0.0000000000000E+000    -0.1230000000000E+003  0.0000000000000E+000    -0.1230000000000E+003  0.0000000000000E+000
! 3 Dipole moments Z (MCH) in a.u.
-0.1230000000000E+003  0.0000000000000E+000    -0.1230000000000E+003  0.0000000000000E+000    -0.1230000000000E+003  0.0000000000000E+000
-0.1230000000000E+003  0.0000000000000E+000    -0.1230000000000E+003  0.0000000000000E+000    -0.1230000000000E+003  0.0000000000000E+000
-0.1230000000000E+003  0.0000000000000E+000    -0.1230000000000E+003  0.0000000000000E+000    -0.1230000000000E+003  0.0000000000000E+000
! 5 Coefficients (diag)
-0.6676686000195E-002 -0.2550079519329E-001
 0.6679877573757E+000  0.5752976572327E+000
 0.4697358571959E+000 -0.3844889272364E-001
! 6 Hopping Probabilities (diag)
 0.3058294960594E-002
 0.0000000000000E+000
 0.1394019337191E+000
! 7 Ekin (a.u.)
 0.9446325376576E-001
! 8 states (diag, MCH)
           2            2
! 9 Random number
 0.7379043323277E+000
! 10 Runtime (sec)
           3
! 11 Geometry in a.u.
-0.2885067086516E-001 -0.5415436844775E-001  0.1659661743807E-001
 0.2551661401732E+001  0.3107239100664E-001 -0.2255248853232E-001
-0.1342884942689E+001  0.1382780022332E+001 -0.1179979172252E+001
 0.3853565861798E+001  0.2091135682345E+001  0.1187796315294E+001
 0.3899761556579E+001 -0.1419931563659E+001 -0.1070123104374E+001
-0.1134016582895E+001 -0.1778827297060E+001  0.1133299484241E+001
! 12 Velocities in a.u.
 0.1122307600556E-003 -0.5571352768696E-004  0.2107124281389E-003
-0.6052808535228E-004  0.5963002613402E-004 -0.2512382793599E-003
-0.1078604083857E-002 -0.2038587762144E-002 -0.4950104669218E-002
 0.1224125173991E-002 -0.2678823874266E-002  0.4689240581820E-002
 0.9960056017638E-003  0.1980439317426E-002 -0.3182027364892E-002
-0.1757598985306E-002  0.2690304528660E-002  0.3925784437822E-002
