# Oscillator strengths: rows=geometries, columns=transitions
1.683428585529327393e-01 1.690813899040222168e-01
1.844699829816818237e-01 1.854172646999359131e-01
1.216998845338821411e-01 1.221102327108383179e-01
1.999238133430480957e-01 2.011037468910217285e-01
1.007940918207168579e-01 1.010844409465789795e-01
2.097784578800201416e-01 2.110410332679748535e-01
1.300676614046096802e-01 1.304375231266021729e-01
2.081723660230636597e-01 2.093419283628463745e-01
1.519770324230194092e-01 1.524759232997894287e-01
1.885879039764404297e-01 1.894743442535400391e-01
1.398511826992034912e-01 1.403242051601409912e-01
1.977208256721496582e-01 1.987401247024536133e-01
1.202210187911987305e-01 1.205629855394363403e-01
2.239026576280593872e-01 2.253607064485549927e-01
1.031418293714523315e-01 1.033024266362190247e-01
2.273338586091995239e-01 2.288702726364135742e-01
9.786684811115264893e-02 9.801829606294631958e-02
2.182489633560180664e-01 2.196202129125595093e-01
1.161712110042572021e-01 1.164725199341773987e-01
1.998001486063003540e-01 2.008557319641113281e-01
1.560124158859252930e-01 1.565688550472259521e-01
1.748666763305664062e-01 1.755967736244201660e-01
1.726641058921813965e-01 1.733428686857223511e-01
1.800870001316070557e-01 1.808534264564514160e-01
1.557354331016540527e-01 1.562575399875640869e-01
1.984730958938598633e-01 1.994792222976684570e-01
1.355413198471069336e-01 1.359227299690246582e-01
1.990168094635009766e-01 2.001060247421264648e-01
1.388060003519058228e-01 1.391994059085845947e-01
1.823753416538238525e-01 1.832801699638366699e-01
1.610521227121353149e-01 1.616509258747100830e-01
1.569737792015075684e-01 1.575538069009780884e-01
1.921798288822174072e-01 1.931404322385787964e-01
1.397931575775146484e-01 1.401641517877578735e-01
2.044533640146255493e-01 2.055950015783309937e-01
1.341468542814254761e-01 1.345186531543731689e-01
1.964898854494094849e-01 1.974913775920867920e-01
1.526023745536804199e-01 1.531525254249572754e-01
1.760984659194946289e-01 1.768028140068054199e-01
1.792430877685546875e-01 1.800163090229034424e-01
1.656262427568435669e-01 1.662481576204299927e-01
1.699819266796112061e-01 1.706832647323608398e-01
1.832208633422851562e-01 1.840642094612121582e-01
1.310916244983673096e-01 1.315210014581680298e-01
2.027600407600402832e-01 2.038839757442474365e-01
1.139022111892700195e-01 1.141909360885620117e-01
2.113665342330932617e-01 2.126071900129318237e-01
1.349744945764541626e-01 1.353382170200347900e-01
1.974445879459381104e-01 1.984643638134002686e-01
1.625259965658187866e-01 1.631783396005630493e-01
1.652743965387344360e-01 1.658948063850402832e-01
1.787252724170684814e-01 1.796003282070159912e-01
1.501088142395019531e-01 1.505572199821472168e-01
1.940205693244934082e-01 1.950249075889587402e-01
1.551480591297149658e-01 1.556952744722366333e-01
1.835114061832427979e-01 1.843779087066650391e-01
1.601026356220245361e-01 1.607488989830017090e-01
1.559912264347076416e-01 1.566587239503860474e-01
1.583231985569000244e-01 1.589638590812683105e-01
1.719443202018737793e-01 1.727475821971893311e-01
1.410832107067108154e-01 1.415431499481201172e-01
2.194438874721527100e-01 2.208016514778137207e-01
1.110154017806053162e-01 1.112231165170669556e-01
2.374856472015380859e-01 2.391551882028579712e-01
9.132683277130126953e-02 9.135629236698150635e-02
2.457581013441085815e-01 2.475621253252029419e-01
9.817277640104293823e-02 9.822864085435867310e-02
2.457861155271530151e-01 2.475205808877944946e-01
1.232249811291694641e-01 1.234522312879562378e-01
2.197708338499069214e-01 2.211143523454666138e-01
1.171941310167312622e-01 1.174700260162353516e-01
2.018687874078750610e-01 2.030159533023834229e-01
1.006847769021987915e-01 1.009581387042999268e-01
2.215796411037445068e-01 2.230471074581146240e-01
8.774760365486145020e-02 8.795517683029174805e-02
2.399037182331085205e-01 2.416616827249526978e-01
8.807998895645141602e-02 8.813509345054626465e-02
2.293166816234588623e-01 2.308873981237411499e-01
1.098883450031280518e-01 1.100164651870727539e-01
2.234294563531875610e-01 2.248057574033737183e-01
1.472721993923187256e-01 1.476643979549407959e-01
2.058677077293395996e-01 2.069370448589324951e-01
1.705552339553833008e-01 1.711708158254623413e-01
1.802877187728881836e-01 1.810813844203948975e-01
1.595973074436187744e-01 1.601394712924957275e-01
1.830270737409591675e-01 1.839158236980438232e-01
1.322269439697265625e-01 1.326517015695571899e-01
1.883610039949417114e-01 1.893594115972518921e-01
1.291270703077316284e-01 1.295813918113708496e-01
1.741439104080200195e-01 1.750375032424926758e-01
1.516033858060836792e-01 1.521473377943038940e-01
1.603237688541412354e-01 1.609989404678344727e-01
1.852125227451324463e-01 1.860242486000061035e-01
1.574608385562896729e-01 1.579239070415496826e-01
2.176358401775360107e-01 2.188694179058074951e-01
1.616584062576293945e-01 1.621419936418533325e-01
2.028275877237319946e-01 2.038637697696685791e-01
1.569312512874603271e-01 1.574931442737579346e-01
1.745745390653610229e-01 1.753089427947998047e-01
1.517646610736846924e-01 1.524373888969421387e-01
1.440649926662445068e-01 1.446833610534667969e-01
