# Energies (eV): rows=geometries, columns=states
-2.123949462890625000e+03 -2.113894287109375000e+03 -2.108561767578125000e+03
-2.123935546875000000e+03 -2.114002929687500000e+03 -2.108832519531250000e+03
-2.123865966796875000e+03 -2.113873046875000000e+03 -2.108551757812500000e+03
-2.123868164062500000e+03 -2.113950195312500000e+03 -2.108865234375000000e+03
-2.123807128906250000e+03 -2.113798583984375000e+03 -2.108387695312500000e+03
-2.123899902343750000e+03 -2.113999755859375000e+03 -2.108952148437500000e+03
-2.123861328125000000e+03 -2.113701171875000000e+03 -2.108119384765625000e+03
-2.123954589843750000e+03 -2.114117187500000000e+03 -2.109098876953125000e+03
-2.123833007812500000e+03 -2.113590576171875000e+03 -2.107897705078125000e+03
-2.123900390625000000e+03 -2.114164306640625000e+03 -2.109255371093750000e+03
-2.123769775390625000e+03 -2.113520996093750000e+03 -2.107781005859375000e+03
-2.123871093750000000e+03 -2.114125732421875000e+03 -2.109247314453125000e+03
-2.123778808593750000e+03 -2.113556884765625000e+03 -2.107839355468750000e+03
-2.123923095703125000e+03 -2.114068847656250000e+03 -2.109086914062500000e+03
-2.123814697265625000e+03 -2.113634033203125000e+03 -2.108000976562500000e+03
-2.123937255859375000e+03 -2.114024169921875000e+03 -2.108967285156250000e+03
-2.123821777343750000e+03 -2.113664550781250000e+03 -2.108082031250000000e+03
-2.123913330078125000e+03 -2.114063232421875000e+03 -2.109036621093750000e+03
-2.123811767578125000e+03 -2.113583740234375000e+03 -2.107928466796875000e+03
-2.123881347656250000e+03 -2.114048583984375000e+03 -2.109030517578125000e+03
-2.123780029296875000e+03 -2.113540771484375000e+03 -2.107847656250000000e+03
-2.123909423828125000e+03 -2.114012451171875000e+03 -2.108940917968750000e+03
-2.123800781250000000e+03 -2.113635742187500000e+03 -2.107992919921875000e+03
-2.123933837890625000e+03 -2.114041015625000000e+03 -2.108924072265625000e+03
-2.123858154296875000e+03 -2.113713134765625000e+03 -2.108151367187500000e+03
-2.123913818359375000e+03 -2.113982177734375000e+03 -2.108776611328125000e+03
-2.123871093750000000e+03 -2.113750000000000000e+03 -2.108304931640625000e+03
-2.123862304687500000e+03 -2.113824951171875000e+03 -2.108512451171875000e+03
-2.123836181640625000e+03 -2.113814941406250000e+03 -2.108475830078125000e+03
-2.123866699218750000e+03 -2.113781982421875000e+03 -2.108422119140625000e+03
-2.123875976562500000e+03 -2.113884033203125000e+03 -2.108558593750000000e+03
-2.123922607421875000e+03 -2.113883789062500000e+03 -2.108545410156250000e+03
-2.123915283203125000e+03 -2.113850585937500000e+03 -2.108470214843750000e+03
-2.123897216796875000e+03 -2.113892578125000000e+03 -2.108565917968750000e+03
-2.123878662109375000e+03 -2.113785888671875000e+03 -2.108425048828125000e+03
-2.123839355468750000e+03 -2.113775878906250000e+03 -2.108378417968750000e+03
-2.123851074218750000e+03 -2.113862304687500000e+03 -2.108606933593750000e+03
-2.123845947265625000e+03 -2.113706054687500000e+03 -2.108210693359375000e+03
-2.123906250000000000e+03 -2.114002197265625000e+03 -2.108819335937500000e+03
-2.123885498046875000e+03 -2.113715332031250000e+03 -2.108167724609375000e+03
-2.123941894531250000e+03 -2.114016113281250000e+03 -2.108841308593750000e+03
-2.123860839843750000e+03 -2.113697998046875000e+03 -2.108149414062500000e+03
-2.123875732421875000e+03 -2.113941162109375000e+03 -2.108774902343750000e+03
-2.123812255859375000e+03 -2.113711914062500000e+03 -2.108219238281250000e+03
-2.123861083984375000e+03 -2.113888671875000000e+03 -2.108681152343750000e+03
-2.123859863281250000e+03 -2.113808349609375000e+03 -2.108419433593750000e+03
-2.123915039062500000e+03 -2.113892333984375000e+03 -2.108592773437500000e+03
-2.123921875000000000e+03 -2.113874023437500000e+03 -2.108530029296875000e+03
-2.123926513671875000e+03 -2.113908935546875000e+03 -2.108603027343750000e+03
-2.123895019531250000e+03 -2.113847900390625000e+03 -2.108481689453125000e+03
-2.123850341796875000e+03 -2.113891113281250000e+03 -2.108660644531250000e+03
-2.123846679687500000e+03 -2.113781494140625000e+03 -2.108399658203125000e+03
-2.123861816406250000e+03 -2.113890625000000000e+03 -2.108625488281250000e+03
-2.123911865234375000e+03 -2.113883789062500000e+03 -2.108576171875000000e+03
-2.123917724609375000e+03 -2.113843750000000000e+03 -2.108416259765625000e+03
-2.123947509765625000e+03 -2.114008789062500000e+03 -2.108851074218750000e+03
-2.123832275390625000e+03 -2.113717041015625000e+03 -2.108192871093750000e+03
-2.123878906250000000e+03 -2.114063964843750000e+03 -2.109066894531250000e+03
-2.123765625000000000e+03 -2.113603027343750000e+03 -2.108013671875000000e+03
-2.123901855468750000e+03 -2.114145996093750000e+03 -2.109229980468750000e+03
-2.123820312500000000e+03 -2.113575683593750000e+03 -2.107885009765625000e+03
-2.123962402343750000e+03 -2.114178466796875000e+03 -2.109271484375000000e+03
-2.123810791015625000e+03 -2.113597167968750000e+03 -2.107878662109375000e+03
-2.123909423828125000e+03 -2.114101318359375000e+03 -2.109208984375000000e+03
-2.123712646484375000e+03 -2.113557373046875000e+03 -2.107847412109375000e+03
-2.123880615234375000e+03 -2.114092773437500000e+03 -2.109227294921875000e+03
-2.123735107421875000e+03 -2.113446777343750000e+03 -2.107616699218750000e+03
-2.123940429687500000e+03 -2.114197998046875000e+03 -2.109366210937500000e+03
-2.123748046875000000e+03 -2.113351806640625000e+03 -2.107404052734375000e+03
-2.123923095703125000e+03 -2.114254882812500000e+03 -2.109521972656250000e+03
-2.123663085937500000e+03 -2.113339599609375000e+03 -2.107368408203125000e+03
-2.123862792968750000e+03 -2.114232666015625000e+03 -2.109578369140625000e+03
-2.123664306640625000e+03 -2.113364501953125000e+03 -2.107421386718750000e+03
-2.123907226562500000e+03 -2.114214355468750000e+03 -2.109485351562500000e+03
-2.123752197265625000e+03 -2.113412109375000000e+03 -2.107552734375000000e+03
-2.123933349609375000e+03 -2.114151123046875000e+03 -2.109303955078125000e+03
-2.123750732421875000e+03 -2.113481445312500000e+03 -2.107742675781250000e+03
-2.123905273437500000e+03 -2.114089843750000000e+03 -2.109170410156250000e+03
-2.123753173828125000e+03 -2.113566650390625000e+03 -2.107843994140625000e+03
-2.123917724609375000e+03 -2.114118408203125000e+03 -2.109171875000000000e+03
-2.123798583984375000e+03 -2.113526855468750000e+03 -2.107727539062500000e+03
-2.123927001953125000e+03 -2.114098876953125000e+03 -2.109109619140625000e+03
-2.123781982421875000e+03 -2.113514648437500000e+03 -2.107771484375000000e+03
-2.123891113281250000e+03 -2.114052246093750000e+03 -2.109010498046875000e+03
-2.123785156250000000e+03 -2.113617431640625000e+03 -2.108012451171875000e+03
-2.123912597656250000e+03 -2.114034423828125000e+03 -2.108934570312500000e+03
-2.123861328125000000e+03 -2.113741943359375000e+03 -2.108240234375000000e+03
-2.123936279296875000e+03 -2.113967285156250000e+03 -2.108779052734375000e+03
-2.123872314453125000e+03 -2.113830566406250000e+03 -2.108436279296875000e+03
-2.123869384765625000e+03 -2.113840087890625000e+03 -2.108562500000000000e+03
-2.123839843750000000e+03 -2.113837158203125000e+03 -2.108519775390625000e+03
-2.123874511718750000e+03 -2.113857177734375000e+03 -2.108537597656250000e+03
-2.123886230468750000e+03 -2.113825439453125000e+03 -2.108454345703125000e+03
-2.123902832031250000e+03 -2.113883300781250000e+03 -2.108528076171875000e+03
-2.123896484375000000e+03 -2.113801269531250000e+03 -2.108362792968750000e+03
-2.123908203125000000e+03 -2.113829589843750000e+03 -2.108457519531250000e+03
-2.123871582031250000e+03 -2.113816406250000000e+03 -2.108427490234375000e+03
-2.123868896484375000e+03 -2.113758789062500000e+03 -2.108346191406250000e+03
-2.123860107421875000e+03 -2.113900634765625000e+03 -2.108657470703125000e+03
-2.123858886718750000e+03 -2.113759033203125000e+03 -2.108316650390625000e+03
-2.123914550781250000e+03 -2.113976806640625000e+03 -2.108804687500000000e+03
